Index = 3, VM_IN_USE = 3


VM1	 Blk:17871492	 Tot-Req:1	100.00	0.00	0.00	


VM3	 Blk:17871516	 Tot-Req:2	50.00	0.00	50.00	


VM3	 Blk:17871548	 Tot-Req:3	33.33	0.00	66.67	


VM3	 Blk:17843220	 Tot-Req:4	25.00	0.00	75.00	


VM3	 Blk:14836328	 Tot-Req:5	20.00	0.00	80.00	


VM1	 Blk:13701344	 Tot-Req:6	33.33	0.00	66.67	


VM1	 Blk:14073900	 Tot-Req:7	42.86	0.00	57.14	


VM1	 Blk:17871520	 Tot-Req:8	50.00	0.00	50.00	


VM1	 Blk:9974552	 Tot-Req:9	55.56	0.00	44.44	




VM2	 Blk:9772056	 Tot-Req:10	50.00	10.00	40.00	


VM1	 Blk:4057360	 Tot-Req:11	54.55	9.09	36.36	


VM3	 Blk:4057436	 Tot-Req:12	50.00	8.33	41.67	


VM2	 Blk:4057520	 Tot-Req:13	46.15	15.38	38.46	


VM3	 Blk:5641644	 Tot-Req:14	42.86	14.29	42.86	


VM2	 Blk:11167996	 Tot-Req:15	40.00	20.00	40.00	


VM2	 Blk:5641564	 Tot-Req:16	37.50	25.00	37.50	


VM3	 Blk:11168000	 Tot-Req:17	35.29	23.53	41.18	


VM1	 Blk:7822384	 Tot-Req:18	38.89	22.22	38.89	




VM3	 Blk:7822412	 Tot-Req:19	36.84	21.05	42.11	


VM3	 Blk:7806564	 Tot-Req:20	35.00	20.00	45.00	


VM2	 Blk:7822400	 Tot-Req:21	33.33	23.81	42.86	


VM1	 Blk:7597580	 Tot-Req:22	36.36	22.73	40.91	


VM2	 Blk:3772940	 Tot-Req:23	34.78	26.09	39.13	


VM2	 Blk:3478568	 Tot-Req:24	33.33	29.17	37.50	


VM2	 Blk:4581624	 Tot-Req:25	32.00	32.00	36.00	


VM3	 Blk:4605320	 Tot-Req:26	30.77	30.77	38.46	


VM3	 Blk:637100	 Tot-Req:27	29.63	29.63	40.74	


VM3	 Blk:869888	 Tot-Req:28	28.57	28.57	42.86	

 All expired: Reset


VM2	 Blk:637096	 Tot-Req:29	27.59	31.03	41.38	


VM1	 Blk:244428	 Tot-Req:30	30.00	30.00	40.00	


VM1	 Blk:1265960	 Tot-Req:31	32.26	29.03	38.71	


VM1	 Blk:977368	 Tot-Req:32	34.38	28.12	37.50	


VM1	 Blk:2014736	 Tot-Req:33	36.36	27.27	36.36	


VM2	 Blk:1265964	 Tot-Req:34	35.29	29.41	35.29	

Not ready VM2, 0, 1

VM3	 Blk:1265968	 Tot-Req:35	34.29	28.57	37.14	

Not ready VM2, 0, 1


Not ready VM2, 0, 1
Not ready VM3, 0, 1

VM1	 Blk:3772936	 Tot-Req:36	36.11	27.78	36.11	




VM3	 Blk:3772944	 Tot-Req:37	35.14	27.03	37.84	




VM1	 Blk:3772948	 Tot-Req:38	36.84	26.32	36.84	




VM2	 Blk:4605220	 Tot-Req:39	35.90	28.21	35.90	




VM2	 Blk:7205000	 Tot-Req:40	35.00	30.00	35.00	


VM2	 Blk:11353544	 Tot-Req:41	34.15	31.71	34.15	


VM2	 Blk:9932664	 Tot-Req:42	33.33	33.33	33.33	


VM3	 Blk:8892732	 Tot-Req:43	32.56	32.56	34.88	


VM2	 Blk:8892860	 Tot-Req:44	31.82	34.09	34.09	


VM3	 Blk:8892672	 Tot-Req:45	31.11	33.33	35.56	


VM1	 Blk:8892736	 Tot-Req:46	32.61	32.61	34.78	


VM1	 Blk:8892540	 Tot-Req:47	34.04	31.91	34.04	


VM2	 Blk:14375212	 Tot-Req:48	33.33	33.33	33.33	


VM3	 Blk:14322264	 Tot-Req:49	32.65	32.65	34.69	


VM3	 Blk:14322044	 Tot-Req:50	32.00	32.00	36.00	


VM3	 Blk:12632908	 Tot-Req:51	31.37	31.37	37.25	


VM3	 Blk:12639344	 Tot-Req:52	30.77	30.77	38.46	


VM3	 Blk:15665984	 Tot-Req:53	30.19	30.19	39.62	


VM3	 Blk:17871504	 Tot-Req:54	29.63	29.63	40.74	


VM3	 Blk:17186112	 Tot-Req:55	29.09	29.09	41.82	


VM3	 Blk:15919472	 Tot-Req:56	28.57	28.57	42.86	

 All expired: Reset


VM2	 Blk:17871500	 Tot-Req:57	28.07	29.82	42.11	


VM2	 Blk:17871524	 Tot-Req:58	27.59	31.03	41.38	


VM2	 Blk:16805316	 Tot-Req:59	27.12	32.20	40.68	




VM1	 Blk:16805404	 Tot-Req:60	28.33	31.67	40.00	


VM1	 Blk:14322168	 Tot-Req:61	29.51	31.15	39.34	


VM2	 Blk:14322184	 Tot-Req:62	29.03	32.26	38.71	


VM2	 Blk:14322032	 Tot-Req:63	28.57	33.33	38.10	


VM3	 Blk:9177748	 Tot-Req:64	28.12	32.81	39.06	




VM2	 Blk:9437276	 Tot-Req:65	27.69	33.85	38.46	


VM1	 Blk:9437448	 Tot-Req:66	28.79	33.33	37.88	


VM1	 Blk:9207792	 Tot-Req:67	29.85	32.84	37.31	


VM2	 Blk:9437452	 Tot-Req:68	29.41	33.82	36.76	


VM3	 Blk:10763468	 Tot-Req:69	28.99	33.33	37.68	




VM2	 Blk:12475148	 Tot-Req:70	28.57	34.29	37.14	


VM1	 Blk:12639296	 Tot-Req:71	29.58	33.80	36.62	


VM1	 Blk:12726328	 Tot-Req:72	30.56	33.33	36.11	


VM1	 Blk:12601580	 Tot-Req:73	31.51	32.88	35.62	


VM3	 Blk:4398176	 Tot-Req:74	31.08	32.43	36.49	


VM1	 Blk:4398032	 Tot-Req:75	32.00	32.00	36.00	


VM3	 Blk:672688	 Tot-Req:76	31.58	31.58	36.84	


VM3	 Blk:4398032	 Tot-Req:77	31.17	31.17	37.66	


VM3	 Blk:4768804	 Tot-Req:78	30.77	30.77	38.46	




VM3	 Blk:4307828	 Tot-Req:79	30.38	30.38	39.24	


VM3	 Blk:150300	 Tot-Req:80	30.00	30.00	40.00	


VM3	 Blk:105340	 Tot-Req:81	29.63	29.63	40.74	


VM3	 Blk:9437280	 Tot-Req:82	29.27	29.27	41.46	


VM3	 Blk:9437600	 Tot-Req:83	28.92	28.92	42.17	


VM3	 Blk:15871860	 Tot-Req:84	28.57	28.57	42.86	

 All expired: Reset


VM3	 Blk:15871748	 Tot-Req:85	28.24	28.24	43.53	


VM2	 Blk:15871820	 Tot-Req:86	27.91	29.07	43.02	


VM2	 Blk:15871668	 Tot-Req:87	27.59	29.89	42.53	


VM1	 Blk:15871756	 Tot-Req:88	28.41	29.55	42.05	


VM1	 Blk:14843168	 Tot-Req:89	29.21	29.21	41.57	




VM3	 Blk:13432088	 Tot-Req:90	28.89	28.89	42.22	


VM2	 Blk:12632908	 Tot-Req:91	28.57	29.67	41.76	


VM2	 Blk:17185956	 Tot-Req:92	28.26	30.43	41.30	


VM1	 Blk:9613728	 Tot-Req:93	29.03	30.11	40.86	


VM1	 Blk:9413664	 Tot-Req:94	29.79	29.79	40.43	


VM2	 Blk:7194516	 Tot-Req:95	29.47	30.53	40.00	


VM2	 Blk:6265276	 Tot-Req:96	29.17	31.25	39.58	


VM2	 Blk:105336	 Tot-Req:97	28.87	31.96	39.18	


VM1	 Blk:150188	 Tot-Req:98	29.59	31.63	38.78	


VM1	 Blk:150424	 Tot-Req:99	30.30	31.31	38.38	


VM2	 Blk:150192	 Tot-Req:100	30.00	32.00	38.00	


VM1	 Blk:5711884	 Tot-Req:101	30.69	31.68	37.62	




VM1	 Blk:5663744	 Tot-Req:102	31.37	31.37	37.25	


VM3	 Blk:11300264	 Tot-Req:103	31.07	31.07	37.86	


VM3	 Blk:11300176	 Tot-Req:104	30.77	30.77	38.46	


VM3	 Blk:9613712	 Tot-Req:105	30.48	30.48	39.05	


VM3	 Blk:15955872	 Tot-Req:106	30.19	30.19	39.62	


VM3	 Blk:17148040	 Tot-Req:107	29.91	29.91	40.19	


VM3	 Blk:17126368	 Tot-Req:108	29.63	29.63	40.74	


VM3	 Blk:17082732	 Tot-Req:109	29.36	29.36	41.28	


VM3	 Blk:1612416	 Tot-Req:110	29.09	29.09	41.82	


VM3	 Blk:8446892	 Tot-Req:111	28.83	28.83	42.34	



No Active Request
Length of sptf queue 31
VM1 ,VM2 ,VM2 ,VM1 ,VM2 ,VM1 ,VM2 ,VM1 ,VM2 ,VM1 ,VM2 ,VM2 ,VM2 ,VM1 ,VM1 ,VM2 ,VM1 ,VM2 ,VM1 ,VM2 ,VM1 ,VM1 ,VM2 ,VM1 ,VM1 ,VM1 ,VM2 ,VM2 ,VM1 ,VM2 ,VM2 ,

Current Status:
VM1:0.000	VM2:0.000	VM3:1.000	
New Status:
VM1:1.000	VM2:1.000	VM3:2.000	
VM1	 Blk:7141900	 Tot-Req:112	29.46	28.57	41.96	


VM2	 Blk:5711892	 Tot-Req:113	29.20	29.20	41.59	


VM3	 Blk:17670020	 Tot-Req:114	28.95	28.95	42.11	



No Active Request
Length of sptf queue 31
VM1 ,VM2 ,VM2 ,VM1 ,VM2 ,VM1 ,VM2 ,VM1 ,VM2 ,VM2 ,VM1 ,VM2 ,VM2 ,VM2 ,VM1 ,VM1 ,VM2 ,VM1 ,VM2 ,VM1 ,VM1 ,VM2 ,VM1 ,VM1 ,VM1 ,VM2 ,VM1 ,VM2 ,VM1 ,VM2 ,VM2 ,

Current Status:
VM1:0.000	VM2:0.000	VM3:1.000	
New Status:
VM1:1.000	VM2:1.000	VM3:2.000	
VM2	 Blk:15955868	 Tot-Req:115	28.70	29.57	41.74	


VM1	 Blk:15950660	 Tot-Req:116	29.31	29.31	41.38	


VM3	 Blk:10021300	 Tot-Req:117	29.06	29.06	41.88	



No Active Request
Length of sptf queue 31
VM1 ,VM2 ,VM2 ,VM1 ,VM2 ,VM1 ,VM2 ,VM1 ,VM2 ,VM1 ,VM2 ,VM2 ,VM1 ,VM2 ,VM2 ,VM2 ,VM1 ,VM1 ,VM2 ,VM1 ,VM2 ,VM1 ,VM1 ,VM2 ,VM1 ,VM1 ,VM1 ,VM2 ,VM1 ,VM2 ,VM2 ,

Current Status:
VM1:0.000	VM2:0.000	VM3:1.000	
New Status:
VM1:1.000	VM2:1.000	VM3:2.000	
VM2	 Blk:4398172	 Tot-Req:118	28.81	29.66	41.53	


VM1	 Blk:1612404	 Tot-Req:119	29.41	29.41	41.18	


VM3	 Blk:8005216	 Tot-Req:120	29.17	29.17	41.67	



No Active Request
Length of sptf queue 31
VM1 ,VM2 ,VM2 ,VM1 ,VM2 ,VM2 ,VM1 ,VM2 ,VM1 ,VM2 ,VM2 ,VM1 ,VM2 ,VM2 ,VM1 ,VM1 ,VM2 ,VM1 ,VM1 ,VM2 ,VM1 ,VM1 ,VM2 ,VM2 ,VM1 ,VM1 ,VM1 ,VM2 ,VM1 ,VM2 ,VM2 ,

Current Status:
VM1:0.000	VM2:0.000	VM3:1.000	
New Status:
VM1:1.000	VM2:1.000	VM3:2.000	
VM1	 Blk:13335784	 Tot-Req:121	29.75	28.93	41.32	


VM2	 Blk:13432096	 Tot-Req:122	29.51	29.51	40.98	


VM3	 Blk:3290224	 Tot-Req:123	29.27	29.27	41.46	



No Active Request
Length of sptf queue 31
VM1 ,VM2 ,VM2 ,VM1 ,VM2 ,VM2 ,VM1 ,VM2 ,VM1 ,VM2 ,VM2 ,VM1 ,VM2 ,VM2 ,VM1 ,VM1 ,VM2 ,VM1 ,VM2 ,VM1 ,VM1 ,VM2 ,VM1 ,VM1 ,VM2 ,VM2 ,VM1 ,VM1 ,VM1 ,VM2 ,VM2 ,

Current Status:
VM1:0.000	VM2:0.000	VM3:1.000	
New Status:
VM1:1.000	VM2:1.000	VM3:2.000	
VM2	 Blk:3410404	 Tot-Req:124	29.03	29.84	41.13	


VM1	 Blk:3410540	 Tot-Req:125	29.60	29.60	40.80	


VM3	 Blk:5308136	 Tot-Req:126	29.37	29.37	41.27	



No Active Request
Length of sptf queue 31
VM1 ,VM2 ,VM2 ,VM1 ,VM2 ,VM2 ,VM1 ,VM2 ,VM1 ,VM2 ,VM2 ,VM2 ,VM1 ,VM1 ,VM2 ,VM1 ,VM2 ,VM1 ,VM2 ,VM1 ,VM1 ,VM2 ,VM1 ,VM1 ,VM2 ,VM2 ,VM1 ,VM1 ,VM1 ,VM2 ,VM2 ,

Current Status:
VM1:0.000	VM2:0.000	VM3:1.000	
New Status:
VM1:1.000	VM2:1.000	VM3:2.000	
VM2	 Blk:5659232	 Tot-Req:127	29.13	29.92	40.94	


VM1	 Blk:5659364	 Tot-Req:128	29.69	29.69	40.62	


VM3	 Blk:5308140	 Tot-Req:129	29.46	29.46	41.09	

Not ready VM3, 0, 1


No Active Request
Length of sptf queue 31
VM1 ,VM2 ,VM2 ,VM1 ,VM2 ,VM2 ,VM1 ,VM2 ,VM1 ,VM2 ,VM2 ,VM2 ,VM1 ,VM1 ,VM2 ,VM3 ,VM1 ,VM2 ,VM1 ,VM1 ,VM1 ,VM2 ,VM1 ,VM1 ,VM2 ,VM2 ,VM1 ,VM1 ,VM1 ,VM2 ,VM2 ,

Current Status:
VM1:0.000	VM2:0.000	VM3:1.000	
New Status:
VM1:1.000	VM2:1.000	VM3:2.000	
VM2	 Blk:3425036	 Tot-Req:130	29.23	30.00	40.77	


VM1	 Blk:5641568	 Tot-Req:131	29.77	29.77	40.46	


VM3	 Blk:10475900	 Tot-Req:132	29.55	29.55	40.91	



No Active Request
Length of sptf queue 31
VM1 ,VM2 ,VM2 ,VM1 ,VM2 ,VM2 ,VM1 ,VM2 ,VM1 ,VM2 ,VM2 ,VM2 ,VM1 ,VM1 ,VM2 ,VM2 ,VM1 ,VM1 ,VM1 ,VM2 ,VM1 ,VM2 ,VM1 ,VM1 ,VM2 ,VM2 ,VM1 ,VM1 ,VM1 ,VM2 ,VM2 ,

Current Status:
VM1:0.000	VM2:0.000	VM3:1.000	
New Status:
VM1:1.000	VM2:1.000	VM3:2.000	
VM1	 Blk:10476020	 Tot-Req:133	30.08	29.32	40.60	


VM2	 Blk:10475844	 Tot-Req:134	29.85	29.85	40.30	


VM3	 Blk:10475864	 Tot-Req:135	29.63	29.63	40.74	



No Active Request
Length of sptf queue 31
VM1 ,VM2 ,VM2 ,VM1 ,VM2 ,VM2 ,VM1 ,VM2 ,VM1 ,VM2 ,VM2 ,VM2 ,VM1 ,VM1 ,VM2 ,VM2 ,VM1 ,VM1 ,VM1 ,VM2 ,VM1 ,VM2 ,VM1 ,VM1 ,VM2 ,VM2 ,VM1 ,VM1 ,VM1 ,VM2 ,VM2 ,

Current Status:
VM1:0.000	VM2:0.000	VM3:1.000	
New Status:
VM1:1.000	VM2:1.000	VM3:2.000	
VM2	 Blk:12608656	 Tot-Req:136	29.41	30.15	40.44	


VM1	 Blk:13432092	 Tot-Req:137	29.93	29.93	40.15	


VM3	 Blk:10475884	 Tot-Req:138	29.71	29.71	40.58	

Not ready VM3, 0, 1


No Active Request
Length of sptf queue 31
VM1 ,VM2 ,VM2 ,VM1 ,VM2 ,VM2 ,VM1 ,VM2 ,VM1 ,VM2 ,VM2 ,VM2 ,VM1 ,VM1 ,VM2 ,VM2 ,VM1 ,VM1 ,VM1 ,VM2 ,VM1 ,VM2 ,VM3 ,VM2 ,VM1 ,VM1 ,VM2 ,VM1 ,VM1 ,VM2 ,VM2 ,

Current Status:
VM1:0.000	VM2:0.000	VM3:1.000	
New Status:
VM1:1.000	VM2:1.000	VM3:2.000	
VM1	 Blk:13005820	 Tot-Req:139	30.22	29.50	40.29	


VM2	 Blk:17082720	 Tot-Req:140	30.00	30.00	40.00	



No Active Request
Length of sptf queue 31
VM1 ,VM2 ,VM2 ,VM1 ,VM2 ,VM2 ,VM1 ,VM2 ,VM1 ,VM2 ,VM2 ,VM2 ,VM1 ,VM1 ,VM2 ,VM2 ,VM1 ,VM1 ,VM1 ,VM1 ,VM2 ,VM2 ,VM1 ,VM2 ,VM2 ,VM1 ,VM1 ,VM2 ,VM1 ,VM1 ,VM2 ,

Current Status:
VM1:0.000	VM2:0.000	VM3:2.000	
New Status:
VM1:1.000	VM2:1.000	VM3:3.000	
VM2	 Blk:17148036	 Tot-Req:141	29.79	30.50	39.72	




VM1	 Blk:10411620	 Tot-Req:142	30.28	30.28	39.44	


VM3	 Blk:10475840	 Tot-Req:143	30.07	30.07	39.86	


VM3	 Blk:14621144	 Tot-Req:144	29.86	29.86	40.28	



No Active Request
Length of sptf queue 31
VM1 ,VM2 ,VM2 ,VM1 ,VM2 ,VM2 ,VM1 ,VM2 ,VM1 ,VM2 ,VM2 ,VM2 ,VM1 ,VM1 ,VM2 ,VM2 ,VM1 ,VM1 ,VM1 ,VM2 ,VM2 ,VM1 ,VM2 ,VM2 ,VM1 ,VM1 ,VM2 ,VM1 ,VM1 ,VM1 ,VM2 ,

Current Status:
VM1:0.000	VM2:0.000	VM3:1.000	
New Status:
VM1:1.000	VM2:1.000	VM3:2.000	
VM1	 Blk:14621292	 Tot-Req:145	30.34	29.66	40.00	


VM2	 Blk:14621332	 Tot-Req:146	30.14	30.14	39.73	


VM3	 Blk:14621336	 Tot-Req:147	29.93	29.93	40.14	



Not ready VM3, 0, 1


No Active Request
Length of sptf queue 31
VM1 ,VM2 ,VM2 ,VM1 ,VM2 ,VM2 ,VM1 ,VM2 ,VM1 ,VM2 ,VM2 ,VM2 ,VM1 ,VM1 ,VM2 ,VM2 ,VM1 ,VM1 ,VM1 ,VM2 ,VM2 ,VM1 ,VM2 ,VM2 ,VM1 ,VM1 ,VM2 ,VM3 ,VM1 ,VM1 ,VM2 ,

Current Status:
VM1:0.000	VM2:0.000	VM3:1.000	
New Status:
VM1:1.000	VM2:1.000	VM3:2.000	
VM2	 Blk:11300168	 Tot-Req:148	29.73	30.41	39.86	


VM1	 Blk:14621176	 Tot-Req:149	30.20	30.20	39.60	



No Active Request
Length of sptf queue 31
VM1 ,VM2 ,VM2 ,VM1 ,VM2 ,VM2 ,VM1 ,VM2 ,VM1 ,VM2 ,VM2 ,VM2 ,VM1 ,VM1 ,VM2 ,VM2 ,VM1 ,VM1 ,VM1 ,VM2 ,VM2 ,VM1 ,VM2 ,VM2 ,VM1 ,VM1 ,VM2 ,VM2 ,VM1 ,VM1 ,VM2 ,

Current Status:
VM1:0.000	VM2:0.000	VM3:2.000	
New Status:
VM1:1.000	VM2:1.000	VM3:3.000	


VM1	 Blk:11300268	 Tot-Req:150	30.67	30.00	39.33	


VM2	 Blk:10475836	 Tot-Req:151	30.46	30.46	39.07	


VM3	 Blk:4816500	 Tot-Req:152	30.26	30.26	39.47	


VM3	 Blk:2102980	 Tot-Req:153	30.07	30.07	39.87	



No Active Request
Length of sptf queue 31
VM1 ,VM2 ,VM2 ,VM1 ,VM2 ,VM2 ,VM1 ,VM2 ,VM1 ,VM2 ,VM2 ,VM2 ,VM1 ,VM1 ,VM2 ,VM2 ,VM1 ,VM1 ,VM1 ,VM2 ,VM1 ,VM1 ,VM2 ,VM1 ,VM2 ,VM1 ,VM2 ,VM2 ,VM1 ,VM1 ,VM2 ,

Current Status:
VM1:0.000	VM2:0.000	VM3:1.000	
New Status:
VM1:1.000	VM2:1.000	VM3:2.000	
VM1	 Blk:2036460	 Tot-Req:154	30.52	29.87	39.61	


VM2	 Blk:1612440	 Tot-Req:155	30.32	30.32	39.35	


VM3	 Blk:8573064	 Tot-Req:156	30.13	30.13	39.74	



No Active Request
Length of sptf queue 31
VM1 ,VM2 ,VM2 ,VM1 ,VM2 ,VM1 ,VM2 ,VM2 ,VM2 ,VM2 ,VM1 ,VM1 ,VM2 ,VM2 ,VM1 ,VM1 ,VM2 ,VM1 ,VM2 ,VM1 ,VM1 ,VM2 ,VM1 ,VM2 ,VM1 ,VM2 ,VM2 ,VM1 ,VM1 ,VM1 ,VM2 ,

Current Status:
VM1:0.000	VM2:0.000	VM3:1.000	
New Status:
VM1:1.000	VM2:1.000	VM3:2.000	
VM1	 Blk:8573188	 Tot-Req:157	30.57	29.94	39.49	


VM2	 Blk:8573236	 Tot-Req:158	30.38	30.38	39.24	


VM3	 Blk:12981384	 Tot-Req:159	30.19	30.19	39.62	



No Active Request
Length of sptf queue 31
VM1 ,VM2 ,VM2 ,VM1 ,VM2 ,VM1 ,VM2 ,VM2 ,VM2 ,VM2 ,VM1 ,VM1 ,VM2 ,VM2 ,VM1 ,VM1 ,VM2 ,VM1 ,VM1 ,VM2 ,VM1 ,VM2 ,VM1 ,VM2 ,VM1 ,VM2 ,VM2 ,VM1 ,VM1 ,VM1 ,VM2 ,

Current Status:
VM1:0.000	VM2:0.000	VM3:1.000	
New Status:
VM1:1.000	VM2:1.000	VM3:2.000	
VM1	 Blk:10475836	 Tot-Req:160	30.62	30.00	39.38	


VM2	 Blk:10475876	 Tot-Req:161	30.43	30.43	39.13	


VM3	 Blk:2672592	 Tot-Req:162	30.25	30.25	39.51	



No Active Request
Length of sptf queue 31
VM1 ,VM2 ,VM2 ,VM1 ,VM2 ,VM1 ,VM2 ,VM2 ,VM2 ,VM2 ,VM1 ,VM1 ,VM2 ,VM2 ,VM1 ,VM1 ,VM1 ,VM2 ,VM1 ,VM1 ,VM2 ,VM1 ,VM2 ,VM1 ,VM2 ,VM2 ,VM2 ,VM1 ,VM1 ,VM1 ,VM2 ,

Current Status:
VM1:0.000	VM2:0.000	VM3:1.000	
New Status:
VM1:1.000	VM2:1.000	VM3:2.000	
VM2	 Blk:1852212	 Tot-Req:163	30.06	30.67	39.26	


VM1	 Blk:1612316	 Tot-Req:164	30.49	30.49	39.02	


VM3	 Blk:1639184	 Tot-Req:165	30.30	30.30	39.39	



No Active Request
Length of sptf queue 31
VM1 ,VM2 ,VM2 ,VM2 ,VM1 ,VM2 ,VM2 ,VM2 ,VM1 ,VM1 ,VM2 ,VM2 ,VM1 ,VM1 ,VM1 ,VM2 ,VM1 ,VM1 ,VM2 ,VM2 ,VM1 ,VM2 ,VM1 ,VM1 ,VM2 ,VM2 ,VM2 ,VM1 ,VM1 ,VM1 ,VM2 ,

Current Status:
VM1:0.000	VM2:0.000	VM3:1.000	
New Status:
VM1:1.000	VM2:1.000	VM3:2.000	
VM2	 Blk:1509800	 Tot-Req:166	30.12	30.72	39.16	


VM1	 Blk:672648	 Tot-Req:167	30.54	30.54	38.92	


VM3	 Blk:11901780	 Tot-Req:168	30.36	30.36	39.29	



No Active Request
Length of sptf queue 31
VM2 ,VM2 ,VM1 ,VM2 ,VM2 ,VM2 ,VM1 ,VM1 ,VM2 ,VM2 ,VM1 ,VM1 ,VM1 ,VM2 ,VM1 ,VM1 ,VM2 ,VM2 ,VM1 ,VM2 ,VM1 ,VM2 ,VM1 ,VM1 ,VM2 ,VM2 ,VM2 ,VM1 ,VM1 ,VM1 ,VM2 ,

Current Status:
VM1:0.000	VM2:0.000	VM3:1.000	
New Status:
VM1:1.000	VM2:1.000	VM3:2.000	
VM1	 Blk:11901548	 Tot-Req:169	30.77	30.18	39.05	


VM2	 Blk:12981532	 Tot-Req:170	30.59	30.59	38.82	


VM3	 Blk:8999936	 Tot-Req:171	30.41	30.41	39.18	



No Active Request
Length of sptf queue 31
VM2 ,VM2 ,VM1 ,VM2 ,VM1 ,VM2 ,VM2 ,VM1 ,VM1 ,VM2 ,VM2 ,VM1 ,VM2 ,VM1 ,VM1 ,VM2 ,VM1 ,VM1 ,VM2 ,VM2 ,VM1 ,VM2 ,VM2 ,VM1 ,VM1 ,VM2 ,VM2 ,VM1 ,VM1 ,VM1 ,VM2 ,

Current Status:
VM1:0.000	VM2:0.000	VM3:1.000	
New Status:
VM1:1.000	VM2:1.000	VM3:2.000	
VM2	 Blk:8999996	 Tot-Req:172	30.23	30.81	38.95	


VM1	 Blk:10475876	 Tot-Req:173	30.64	30.64	38.73	


VM3	 Blk:11419496	 Tot-Req:174	30.46	30.46	39.08	



No Active Request
Length of sptf queue 31
VM2 ,VM2 ,VM1 ,VM2 ,VM1 ,VM2 ,VM2 ,VM1 ,VM2 ,VM1 ,VM2 ,VM2 ,VM1 ,VM1 ,VM1 ,VM2 ,VM1 ,VM2 ,VM1 ,VM2 ,VM1 ,VM2 ,VM2 ,VM1 ,VM1 ,VM2 ,VM2 ,VM1 ,VM1 ,VM1 ,VM2 ,

Current Status:
VM1:0.000	VM2:0.000	VM3:1.000	
New Status:
VM1:1.000	VM2:1.000	VM3:2.000	
VM2	 Blk:10475880	 Tot-Req:175	30.29	30.86	38.86	


VM1	 Blk:10455900	 Tot-Req:176	30.68	30.68	38.64	



No Active Request
Length of sptf queue 31
VM2 ,VM2 ,VM1 ,VM2 ,VM1 ,VM2 ,VM2 ,VM1 ,VM2 ,VM1 ,VM2 ,VM2 ,VM1 ,VM1 ,VM2 ,VM1 ,VM2 ,VM1 ,VM1 ,VM2 ,VM1 ,VM2 ,VM2 ,VM1 ,VM1 ,VM2 ,VM2 ,VM1 ,VM1 ,VM1 ,VM2 ,

Current Status:
VM1:0.000	VM2:0.000	VM3:2.000	
New Status:
VM1:1.000	VM2:1.000	VM3:3.000	
VM2	 Blk:9404832	 Tot-Req:177	30.51	31.07	38.42	


VM1	 Blk:9775940	 Tot-Req:178	30.90	30.90	38.20	


VM3	 Blk:5715028	 Tot-Req:179	30.73	30.73	38.55	



No Active Request
Length of sptf queue 31
VM2 ,VM2 ,VM1 ,VM2 ,VM1 ,VM2 ,VM2 ,VM1 ,VM2 ,VM1 ,VM2 ,VM1 ,VM2 ,VM2 ,VM1 ,VM1 ,VM2 ,VM1 ,VM1 ,VM2 ,VM1 ,VM2 ,VM2 ,VM1 ,VM1 ,VM2 ,VM2 ,VM1 ,VM1 ,VM1 ,VM2 ,

Current Status:
VM1:0.000	VM2:0.000	VM3:2.000	
New Status:
VM1:1.000	VM2:1.000	VM3:3.000	
VM2	 Blk:5132172	 Tot-Req:180	30.56	31.11	38.33	


VM1	 Blk:5308116	 Tot-Req:181	30.94	30.94	38.12	


VM3	 Blk:15268128	 Tot-Req:182	30.77	30.77	38.46	



No Active Request
Length of sptf queue 31
VM2 ,VM2 ,VM1 ,VM2 ,VM1 ,VM2 ,VM2 ,VM1 ,VM2 ,VM1 ,VM2 ,VM2 ,VM1 ,VM1 ,VM2 ,VM1 ,VM1 ,VM2 ,VM1 ,VM2 ,VM2 ,VM1 ,VM1 ,VM2 ,VM1 ,VM2 ,VM2 ,VM1 ,VM1 ,VM1 ,VM2 ,

Current Status:
VM1:0.000	VM2:0.000	VM3:2.000	
New Status:
VM1:1.000	VM2:1.000	VM3:3.000	
VM1	 Blk:15268288	 Tot-Req:183	31.15	30.60	38.25	


VM2	 Blk:15268356	 Tot-Req:184	30.98	30.98	38.04	


VM3	 Blk:5363344	 Tot-Req:185	30.81	30.81	38.38	



No Active Request
Length of sptf queue 31
VM2 ,VM2 ,VM1 ,VM2 ,VM1 ,VM2 ,VM2 ,VM1 ,VM2 ,VM2 ,VM1 ,VM1 ,VM2 ,VM2 ,VM1 ,VM1 ,VM2 ,VM1 ,VM1 ,VM2 ,VM1 ,VM2 ,VM2 ,VM1 ,VM1 ,VM2 ,VM2 ,VM1 ,VM1 ,VM1 ,VM2 ,

Current Status:
VM1:0.000	VM2:0.000	VM3:2.000	
New Status:
VM1:1.000	VM2:1.000	VM3:3.000	
VM1	 Blk:5715036	 Tot-Req:186	31.18	30.65	38.17	


VM2	 Blk:4397976	 Tot-Req:187	31.02	31.02	37.97	


VM3	 Blk:5310136	 Tot-Req:188	30.85	30.85	38.30	



No Active Request
Length of sptf queue 31
VM2 ,VM2 ,VM1 ,VM2 ,VM1 ,VM2 ,VM1 ,VM2 ,VM2 ,VM1 ,VM2 ,VM2 ,VM1 ,VM1 ,VM2 ,VM2 ,VM1 ,VM1 ,VM2 ,VM1 ,VM2 ,VM2 ,VM1 ,VM1 ,VM2 ,VM2 ,VM1 ,VM1 ,VM1 ,VM1 ,VM2 ,

Current Status:
VM1:0.000	VM2:0.000	VM3:2.000	
New Status:
VM1:1.000	VM2:1.000	VM3:3.000	
VM2	 Blk:5308116	 Tot-Req:189	30.69	31.22	38.10	


VM1	 Blk:4398180	 Tot-Req:190	31.05	31.05	37.89	


VM3	 Blk:13995280	 Tot-Req:191	30.89	30.89	38.22	



No Active Request
Length of sptf queue 31
VM2 ,VM2 ,VM1 ,VM2 ,VM1 ,VM2 ,VM1 ,VM2 ,VM1 ,VM2 ,VM2 ,VM1 ,VM1 ,VM2 ,VM2 ,VM1 ,VM1 ,VM2 ,VM1 ,VM2 ,VM2 ,VM1 ,VM1 ,VM2 ,VM2 ,VM1 ,VM1 ,VM1 ,VM2 ,VM1 ,VM2 ,

Current Status:
VM1:0.000	VM2:0.000	VM3:2.000	
New Status:
VM1:1.000	VM2:1.000	VM3:3.000	
VM2	 Blk:14621184	 Tot-Req:192	30.73	31.25	38.02	


VM1	 Blk:11901788	 Tot-Req:193	31.09	31.09	37.82	


VM3	 Blk:13171156	 Tot-Req:194	30.93	30.93	38.14	



No Active Request
Length of sptf queue 31
VM2 ,VM2 ,VM1 ,VM2 ,VM1 ,VM2 ,VM1 ,VM2 ,VM1 ,VM2 ,VM2 ,VM1 ,VM1 ,VM2 ,VM2 ,VM1 ,VM1 ,VM2 ,VM1 ,VM2 ,VM2 ,VM1 ,VM2 ,VM1 ,VM2 ,VM1 ,VM1 ,VM1 ,VM2 ,VM1 ,VM2 ,

Current Status:
VM1:0.000	VM2:0.000	VM3:2.000	
New Status:
VM1:1.000	VM2:1.000	VM3:3.000	
VM1	 Blk:12981352	 Tot-Req:195	31.28	30.77	37.95	


VM2	 Blk:11901772	 Tot-Req:196	31.12	31.12	37.76	


VM3	 Blk:16033340	 Tot-Req:197	30.96	30.96	38.07	



No Active Request
Length of sptf queue 31
VM2 ,VM2 ,VM2 ,VM1 ,VM2 ,VM1 ,VM2 ,VM1 ,VM2 ,VM1 ,VM2 ,VM2 ,VM1 ,VM1 ,VM2 ,VM2 ,VM1 ,VM1 ,VM2 ,VM1 ,VM2 ,VM1 ,VM2 ,VM1 ,VM2 ,VM1 ,VM1 ,VM1 ,VM2 ,VM1 ,VM2 ,

Current Status:
VM1:0.000	VM2:0.000	VM3:2.000	
New Status:
VM1:1.000	VM2:1.000	VM3:3.000	
VM2	 Blk:16033584	 Tot-Req:198	30.81	31.31	37.88	


VM1	 Blk:16259860	 Tot-Req:199	31.16	31.16	37.69	


VM3	 Blk:13009096	 Tot-Req:200	31.00	31.00	38.00	



No Active Request
Length of sptf queue 31
VM2 ,VM2 ,VM2 ,VM2 ,VM1 ,VM2 ,VM1 ,VM2 ,VM1 ,VM2 ,VM1 ,VM2 ,VM2 ,VM1 ,VM1 ,VM2 ,VM2 ,VM1 ,VM1 ,VM2 ,VM1 ,VM2 ,VM1 ,VM1 ,VM1 ,VM2 ,VM1 ,VM1 ,VM2 ,VM1 ,VM2 ,

Current Status:
VM1:0.000	VM2:0.000	VM3:2.000	
New Status:
VM1:1.000	VM2:1.000	VM3:3.000	
VM1	 Blk:11520136	 Tot-Req:201	31.34	30.85	37.81	


VM2	 Blk:9776000	 Tot-Req:202	31.19	31.19	37.62	


VM3	 Blk:15159904	 Tot-Req:203	31.03	31.03	37.93	



No Active Request
Length of sptf queue 31
VM2 ,VM2 ,VM2 ,VM2 ,VM1 ,VM2 ,VM2 ,VM1 ,VM2 ,VM1 ,VM2 ,VM1 ,VM2 ,VM2 ,VM1 ,VM1 ,VM2 ,VM1 ,VM1 ,VM2 ,VM2 ,VM1 ,VM1 ,VM1 ,VM1 ,VM2 ,VM1 ,VM1 ,VM2 ,VM1 ,VM2 ,

Current Status:
VM1:0.000	VM2:0.000	VM3:2.000	
New Status:
VM1:1.000	VM2:1.000	VM3:3.000	
VM2	 Blk:16188960	 Tot-Req:204	30.88	31.37	37.75	


VM1	 Blk:17358264	 Tot-Req:205	31.22	31.22	37.56	


VM3	 Blk:2016160	 Tot-Req:206	31.07	31.07	37.86	



No Active Request
Length of sptf queue 31
VM2 ,VM2 ,VM2 ,VM2 ,VM1 ,VM2 ,VM2 ,VM1 ,VM2 ,VM1 ,VM2 ,VM1 ,VM2 ,VM2 ,VM1 ,VM1 ,VM2 ,VM2 ,VM1 ,VM1 ,VM2 ,VM2 ,VM1 ,VM1 ,VM1 ,VM1 ,VM1 ,VM1 ,VM1 ,VM2 ,VM2 ,

Current Status:
VM1:0.000	VM2:0.000	VM3:2.000	
New Status:
VM1:1.000	VM2:1.000	VM3:3.000	
VM1	 Blk:8005160	 Tot-Req:207	31.40	30.92	37.68	


VM2	 Blk:2016172	 Tot-Req:208	31.25	31.25	37.50	


VM3	 Blk:10299032	 Tot-Req:209	31.10	31.10	37.80	





No Active Request
Length of sptf queue 31
VM2 ,VM2 ,VM2 ,VM2 ,VM1 ,VM2 ,VM1 ,VM2 ,VM1 ,VM2 ,VM1 ,VM2 ,VM2 ,VM1 ,VM2 ,VM2 ,VM1 ,VM1 ,VM2 ,VM1 ,VM2 ,VM2 ,VM1 ,VM1 ,VM1 ,VM1 ,VM1 ,VM1 ,VM1 ,VM2 ,VM2 ,

Current Status:
VM1:0.000	VM2:0.000	VM3:2.000	
New Status:
VM1:1.000	VM2:1.000	VM3:3.000	
VM1	 Blk:11632484	 Tot-Req:210	31.43	30.95	37.62	


VM2	 Blk:11239980	 Tot-Req:211	31.28	31.28	37.44	


VM3	 Blk:6951800	 Tot-Req:212	31.13	31.13	37.74	



No Active Request
Length of sptf queue 31
VM2 ,VM2 ,VM2 ,VM2 ,VM1 ,VM2 ,VM1 ,VM2 ,VM1 ,VM2 ,VM1 ,VM2 ,VM1 ,VM2 ,VM1 ,VM2 ,VM2 ,VM1 ,VM1 ,VM1 ,VM2 ,VM2 ,VM1 ,VM2 ,VM1 ,VM1 ,VM1 ,VM1 ,VM1 ,VM2 ,VM2 ,

Current Status:
VM1:0.000	VM2:0.000	VM3:2.000	
New Status:
VM1:1.000	VM2:1.000	VM3:3.000	
VM2	 Blk:5310248	 Tot-Req:213	30.99	31.46	37.56	


VM1	 Blk:3494084	 Tot-Req:214	31.31	31.31	37.38	


VM3	 Blk:12552880	 Tot-Req:215	31.16	31.16	37.67	



No Active Request
Length of sptf queue 31
VM2 ,VM2 ,VM2 ,VM2 ,VM1 ,VM2 ,VM1 ,VM2 ,VM1 ,VM2 ,VM1 ,VM2 ,VM1 ,VM2 ,VM2 ,VM1 ,VM1 ,VM1 ,VM2 ,VM2 ,VM1 ,VM2 ,VM1 ,VM1 ,VM2 ,VM1 ,VM1 ,VM1 ,VM1 ,VM2 ,VM2 ,

Current Status:
VM1:0.000	VM2:0.000	VM3:2.000	
New Status:
VM1:1.000	VM2:1.000	VM3:3.000	
VM1	 Blk:12071852	 Tot-Req:216	31.48	31.02	37.50	


VM2	 Blk:11500456	 Tot-Req:217	31.34	31.34	37.33	


VM3	 Blk:13457288	 Tot-Req:218	31.19	31.19	37.61	



No Active Request
Length of sptf queue 31
VM2 ,VM2 ,VM2 ,VM2 ,VM1 ,VM2 ,VM2 ,VM1 ,VM2 ,VM1 ,VM2 ,VM1 ,VM2 ,VM1 ,VM2 ,VM2 ,VM1 ,VM1 ,VM1 ,VM2 ,VM2 ,VM1 ,VM1 ,VM2 ,VM1 ,VM1 ,VM1 ,VM1 ,VM1 ,VM2 ,VM2 ,

Current Status:
VM1:0.000	VM2:0.000	VM3:2.000	
New Status:
VM1:1.000	VM2:1.000	VM3:3.000	
VM1	 Blk:13457172	 Tot-Req:219	31.51	31.05	37.44	


VM2	 Blk:13457324	 Tot-Req:220	31.36	31.36	37.27	


VM3	 Blk:984816	 Tot-Req:221	31.22	31.22	37.56	





No Active Request
Length of sptf queue 31
VM2 ,VM2 ,VM2 ,VM1 ,VM2 ,VM2 ,VM1 ,VM2 ,VM2 ,VM1 ,VM2 ,VM1 ,VM2 ,VM1 ,VM2 ,VM1 ,VM2 ,VM2 ,VM1 ,VM1 ,VM1 ,VM2 ,VM2 ,VM1 ,VM1 ,VM1 ,VM1 ,VM1 ,VM1 ,VM2 ,VM2 ,

Current Status:
VM1:0.000	VM2:0.000	VM3:2.000	
New Status:
VM1:1.000	VM2:1.000	VM3:3.000	
VM2	 Blk:884380	 Tot-Req:222	31.08	31.53	37.39	


VM1	 Blk:984820	 Tot-Req:223	31.39	31.39	37.22	


VM3	 Blk:984848	 Tot-Req:224	31.25	31.25	37.50	





No Active Request
Length of sptf queue 31
VM2 ,VM2 ,VM2 ,VM1 ,VM2 ,VM2 ,VM1 ,VM2 ,VM2 ,VM1 ,VM2 ,VM1 ,VM2 ,VM1 ,VM2 ,VM1 ,VM2 ,VM2 ,VM1 ,VM1 ,VM1 ,VM2 ,VM2 ,VM1 ,VM1 ,VM1 ,VM1 ,VM1 ,VM1 ,VM2 ,VM2 ,

Current Status:
VM1:0.000	VM2:0.000	VM3:2.000	
New Status:
VM1:1.000	VM2:1.000	VM3:3.000	
VM2	 Blk:672780	 Tot-Req:225	31.11	31.56	37.33	


VM3	 Blk:768956	 Tot-Req:226	30.97	31.42	37.61	


VM1	 Blk:1698856	 Tot-Req:227	31.28	31.28	37.44	



No Active Request
Length of sptf queue 31
VM2 ,VM2 ,VM1 ,VM2 ,VM2 ,VM2 ,VM2 ,VM2 ,VM1 ,VM2 ,VM1 ,VM2 ,VM1 ,VM2 ,VM1 ,VM2 ,VM2 ,VM1 ,VM1 ,VM1 ,VM1 ,VM2 ,VM2 ,VM1 ,VM1 ,VM1 ,VM1 ,VM1 ,VM1 ,VM2 ,VM2 ,

Current Status:
VM1:0.000	VM2:0.000	VM3:2.000	
New Status:
VM1:1.000	VM2:1.000	VM3:3.000	
VM2	 Blk:1900768	 Tot-Req:228	31.14	31.58	37.28	


VM1	 Blk:6951732	 Tot-Req:229	31.44	31.44	37.12	


VM3	 Blk:14212644	 Tot-Req:230	31.30	31.30	37.39	



No Active Request
Length of sptf queue 31
VM2 ,VM2 ,VM1 ,VM2 ,VM2 ,VM2 ,VM2 ,VM1 ,VM2 ,VM1 ,VM2 ,VM2 ,VM1 ,VM2 ,VM1 ,VM2 ,VM2 ,VM1 ,VM1 ,VM1 ,VM1 ,VM2 ,VM2 ,VM1 ,VM1 ,VM1 ,VM1 ,VM1 ,VM1 ,VM2 ,VM2 ,

Current Status:
VM1:0.000	VM2:0.000	VM3:2.000	
New Status:
VM1:1.000	VM2:1.000	VM3:3.000	
VM1	 Blk:13457468	 Tot-Req:231	31.60	31.17	37.23	


VM2	 Blk:7868344	 Tot-Req:232	31.47	31.47	37.07	


VM3	 Blk:6315896	 Tot-Req:233	31.33	31.33	37.34	



No Active Request
Length of sptf queue 31
VM2 ,VM2 ,VM1 ,VM2 ,VM2 ,VM2 ,VM2 ,VM1 ,VM1 ,VM2 ,VM1 ,VM2 ,VM2 ,VM1 ,VM1 ,VM2 ,VM2 ,VM2 ,VM1 ,VM1 ,VM1 ,VM1 ,VM2 ,VM2 ,VM1 ,VM1 ,VM1 ,VM1 ,VM1 ,VM2 ,VM2 ,

Current Status:
VM1:0.000	VM2:0.000	VM3:2.000	
New Status:
VM1:1.000	VM2:1.000	VM3:3.000	
VM2	 Blk:5715044	 Tot-Req:234	31.20	31.62	37.18	


VM3	 Blk:6113056	 Tot-Req:235	31.06	31.49	37.45	


VM1	 Blk:6113060	 Tot-Req:236	31.36	31.36	37.29	



No Active Request
Length of sptf queue 31
VM2 ,VM2 ,VM1 ,VM2 ,VM2 ,VM2 ,VM2 ,VM1 ,VM1 ,VM2 ,VM1 ,VM1 ,VM2 ,VM1 ,VM1 ,VM2 ,VM2 ,VM2 ,VM1 ,VM1 ,VM1 ,VM1 ,VM2 ,VM2 ,VM1 ,VM1 ,VM1 ,VM1 ,VM1 ,VM2 ,VM2 ,

Current Status:
VM1:0.000	VM2:0.000	VM3:2.000	
New Status:
VM1:1.000	VM2:1.000	VM3:3.000	
VM2	 Blk:7141908	 Tot-Req:237	31.22	31.65	37.13	




VM1	 Blk:7868336	 Tot-Req:238	31.51	31.51	36.97	



No Active Request
Length of sptf queue 32
VM2 ,VM2 ,VM1 ,VM2 ,VM2 ,VM2 ,VM2 ,VM1 ,VM1 ,VM2 ,VM1 ,VM1 ,VM2 ,VM2 ,VM1 ,VM1 ,VM2 ,VM2 ,VM2 ,VM1 ,VM1 ,VM1 ,VM1 ,VM2 ,VM2 ,VM1 ,VM1 ,VM1 ,VM1 ,VM1 ,VM2 ,VM2 ,

Current Status:
VM1:0.000	VM2:0.000	VM3:3.000	
New Status:
VM1:1.000	VM2:1.000	VM3:4.000	






VM2	 Blk:12552544	 Tot-Req:239	31.38	31.80	36.82	


VM1	 Blk:10299036	 Tot-Req:240	31.67	31.67	36.67	


VM3	 Blk:6113068	 Tot-Req:241	31.54	31.54	36.93	

Not ready VM3, 0, 1


No Active Request
Length of sptf queue 31
VM2 ,VM2 ,VM1 ,VM2 ,VM2 ,VM2 ,VM2 ,VM1 ,VM1 ,VM2 ,VM1 ,VM2 ,VM3 ,VM1 ,VM1 ,VM1 ,VM2 ,VM2 ,VM2 ,VM2 ,VM1 ,VM1 ,VM1 ,VM2 ,VM1 ,VM1 ,VM1 ,VM1 ,VM1 ,VM2 ,VM2 ,

Current Status:
VM1:0.000	VM2:0.000	VM3:3.000	
New Status:
VM1:1.000	VM2:1.000	VM3:4.000	




VM2	 Blk:1910400	 Tot-Req:242	31.40	31.82	36.78	


VM1	 Blk:984872	 Tot-Req:243	31.69	31.69	36.63	


VM3	 Blk:2020496	 Tot-Req:244	31.56	31.56	36.89	


VM3	 Blk:9160376	 Tot-Req:245	31.43	31.43	37.14	



No Active Request
Length of sptf queue 31
VM2 ,VM2 ,VM2 ,VM2 ,VM2 ,VM1 ,VM2 ,VM1 ,VM1 ,VM2 ,VM1 ,VM2 ,VM1 ,VM1 ,VM1 ,VM2 ,VM2 ,VM2 ,VM2 ,VM1 ,VM1 ,VM1 ,VM2 ,VM2 ,VM1 ,VM1 ,VM1 ,VM1 ,VM1 ,VM2 ,VM2 ,

Current Status:
VM1:0.000	VM2:0.000	VM3:2.000	
New Status:
VM1:1.000	VM2:1.000	VM3:3.000	
VM2	 Blk:9679380	 Tot-Req:246	31.30	31.71	36.99	


VM1	 Blk:9160340	 Tot-Req:247	31.58	31.58	36.84	


VM3	 Blk:502076	 Tot-Req:248	31.45	31.45	37.10	



No Active Request
Length of sptf queue 31
VM2 ,VM1 ,VM2 ,VM2 ,VM2 ,VM2 ,VM2 ,VM1 ,VM2 ,VM1 ,VM1 ,VM2 ,VM1 ,VM2 ,VM1 ,VM1 ,VM2 ,VM2 ,VM2 ,VM1 ,VM1 ,VM1 ,VM2 ,VM2 ,VM1 ,VM1 ,VM1 ,VM1 ,VM1 ,VM2 ,VM2 ,

Current Status:
VM1:0.000	VM2:0.000	VM3:2.000	
New Status:
VM1:1.000	VM2:1.000	VM3:3.000	
VM2	 Blk:984824	 Tot-Req:249	31.33	31.73	36.95	


VM1	 Blk:5363360	 Tot-Req:250	31.60	31.60	36.80	


VM3	 Blk:16792952	 Tot-Req:251	31.47	31.47	37.05	



No Active Request
Length of sptf queue 31
VM2 ,VM1 ,VM2 ,VM1 ,VM2 ,VM2 ,VM2 ,VM2 ,VM1 ,VM2 ,VM1 ,VM1 ,VM2 ,VM2 ,VM1 ,VM1 ,VM2 ,VM2 ,VM2 ,VM1 ,VM1 ,VM1 ,VM2 ,VM2 ,VM1 ,VM1 ,VM1 ,VM1 ,VM1 ,VM2 ,VM2 ,

Current Status:
VM1:0.000	VM2:0.000	VM3:2.000	
New Status:
VM1:1.000	VM2:1.000	VM3:3.000	
VM1	 Blk:16902696	 Tot-Req:252	31.75	31.35	36.90	


VM2	 Blk:17358304	 Tot-Req:253	31.62	31.62	36.76	


VM3	 Blk:294464	 Tot-Req:254	31.50	31.50	37.01	



No Active Request
Length of sptf queue 31
VM1 ,VM2 ,VM1 ,VM2 ,VM1 ,VM2 ,VM2 ,VM2 ,VM2 ,VM1 ,VM2 ,VM1 ,VM1 ,VM2 ,VM2 ,VM1 ,VM1 ,VM2 ,VM2 ,VM2 ,VM1 ,VM2 ,VM1 ,VM1 ,VM2 ,VM2 ,VM1 ,VM1 ,VM1 ,VM1 ,VM2 ,

Current Status:
VM1:0.000	VM2:0.000	VM3:2.000	
New Status:
VM1:1.000	VM2:1.000	VM3:3.000	
VM1	 Blk:294524	 Tot-Req:255	31.76	31.37	36.86	


VM2	 Blk:502072	 Tot-Req:256	31.64	31.64	36.72	


VM3	 Blk:17733760	 Tot-Req:257	31.52	31.52	36.96	



No Active Request
Length of sptf queue 31
VM1 ,VM2 ,VM1 ,VM2 ,VM2 ,VM2 ,VM2 ,VM2 ,VM1 ,VM2 ,VM1 ,VM1 ,VM2 ,VM2 ,VM1 ,VM1 ,VM2 ,VM2 ,VM2 ,VM1 ,VM2 ,VM1 ,VM1 ,VM2 ,VM2 ,VM1 ,VM1 ,VM1 ,VM1 ,VM2 ,VM1 ,

Current Status:
VM1:0.000	VM2:0.000	VM3:2.000	
New Status:
VM1:1.000	VM2:1.000	VM3:3.000	
VM1	 Blk:17733728	 Tot-Req:258	31.78	31.40	36.82	


VM2	 Blk:6113064	 Tot-Req:259	31.66	31.66	36.68	


VM3	 Blk:1403956	 Tot-Req:260	31.54	31.54	36.92	



No Active Request
Length of sptf queue 31
VM1 ,VM2 ,VM1 ,VM2 ,VM2 ,VM2 ,VM2 ,VM1 ,VM2 ,VM2 ,VM1 ,VM2 ,VM1 ,VM1 ,VM2 ,VM1 ,VM1 ,VM2 ,VM2 ,VM2 ,VM1 ,VM2 ,VM1 ,VM1 ,VM2 ,VM2 ,VM1 ,VM1 ,VM1 ,VM1 ,VM2 ,

Current Status:
VM1:0.000	VM2:0.000	VM3:2.000	
New Status:
VM1:1.000	VM2:1.000	VM3:3.000	
VM2	 Blk:753752	 Tot-Req:261	31.42	31.80	36.78	


VM1	 Blk:502080	 Tot-Req:262	31.68	31.68	36.64	


VM3	 Blk:1404156	 Tot-Req:263	31.56	31.56	36.88	





No Active Request
Length of sptf queue 31
VM1 ,VM2 ,VM2 ,VM2 ,VM2 ,VM1 ,VM2 ,VM2 ,VM1 ,VM2 ,VM1 ,VM2 ,VM1 ,VM1 ,VM2 ,VM1 ,VM1 ,VM2 ,VM2 ,VM2 ,VM1 ,VM2 ,VM1 ,VM1 ,VM2 ,VM2 ,VM1 ,VM1 ,VM1 ,VM1 ,VM2 ,

Current Status:
VM1:0.000	VM2:0.000	VM3:2.000	
New Status:
VM1:1.000	VM2:1.000	VM3:3.000	
VM2	 Blk:1403860	 Tot-Req:264	31.44	31.82	36.74	


VM1	 Blk:1403960	 Tot-Req:265	31.70	31.70	36.60	


VM3	 Blk:1404384	 Tot-Req:266	31.58	31.58	36.84	





No Active Request
Length of sptf queue 31
VM1 ,VM2 ,VM2 ,VM2 ,VM2 ,VM2 ,VM1 ,VM2 ,VM1 ,VM2 ,VM1 ,VM1 ,VM2 ,VM1 ,VM2 ,VM1 ,VM1 ,VM2 ,VM2 ,VM2 ,VM1 ,VM2 ,VM1 ,VM1 ,VM2 ,VM2 ,VM1 ,VM1 ,VM1 ,VM1 ,VM2 ,

Current Status:
VM1:0.000	VM2:0.000	VM3:2.000	
New Status:
VM1:1.000	VM2:1.000	VM3:3.000	
VM2	 Blk:1403972	 Tot-Req:267	31.46	31.84	36.70	


VM1	 Blk:1404396	 Tot-Req:268	31.72	31.72	36.57	


VM3	 Blk:10757260	 Tot-Req:269	31.60	31.60	36.80	





No Active Request
Length of sptf queue 31
VM1 ,VM2 ,VM2 ,VM2 ,VM2 ,VM2 ,VM1 ,VM2 ,VM1 ,VM1 ,VM2 ,VM1 ,VM2 ,VM1 ,VM1 ,VM2 ,VM2 ,VM2 ,VM2 ,VM1 ,VM1 ,VM2 ,VM1 ,VM1 ,VM2 ,VM2 ,VM1 ,VM1 ,VM1 ,VM1 ,VM2 ,

Current Status:
VM1:0.000	VM2:0.000	VM3:2.000	
New Status:
VM1:1.000	VM2:1.000	VM3:3.000	
VM2	 Blk:11520144	 Tot-Req:270	31.48	31.85	36.67	


VM3	 Blk:10149840	 Tot-Req:271	31.37	31.73	36.90	


VM1	 Blk:10358204	 Tot-Req:272	31.62	31.62	36.76	



No Active Request
Length of sptf queue 31
VM1 ,VM2 ,VM2 ,VM2 ,VM2 ,VM2 ,VM1 ,VM2 ,VM1 ,VM1 ,VM2 ,VM1 ,VM2 ,VM1 ,VM1 ,VM2 ,VM2 ,VM2 ,VM2 ,VM1 ,VM2 ,VM1 ,VM1 ,VM2 ,VM2 ,VM1 ,VM1 ,VM1 ,VM1 ,VM1 ,VM2 ,

Current Status:
VM1:0.000	VM2:0.000	VM3:2.000	
New Status:
VM1:1.000	VM2:1.000	VM3:3.000	
VM2	 Blk:7991412	 Tot-Req:273	31.50	31.87	36.63	


VM1	 Blk:9160368	 Tot-Req:274	31.75	31.75	36.50	


VM3	 Blk:11911828	 Tot-Req:275	31.64	31.64	36.73	



No Active Request
Length of sptf queue 31
VM1 ,VM2 ,VM2 ,VM2 ,VM2 ,VM2 ,VM1 ,VM2 ,VM1 ,VM1 ,VM2 ,VM1 ,VM1 ,VM2 ,VM1 ,VM2 ,VM2 ,VM2 ,VM2 ,VM1 ,VM2 ,VM1 ,VM1 ,VM2 ,VM2 ,VM1 ,VM1 ,VM1 ,VM1 ,VM1 ,VM2 ,

Current Status:
VM1:0.000	VM2:0.000	VM3:2.000	
New Status:
VM1:1.000	VM2:1.000	VM3:3.000	
VM2	 Blk:11644896	 Tot-Req:276	31.52	31.88	36.59	


VM1	 Blk:9575164	 Tot-Req:277	31.77	31.77	36.46	


VM3	 Blk:7725092	 Tot-Req:278	31.65	31.65	36.69	



No Active Request
Length of sptf queue 31
VM1 ,VM2 ,VM2 ,VM2 ,VM2 ,VM2 ,VM1 ,VM2 ,VM1 ,VM1 ,VM2 ,VM1 ,VM1 ,VM1 ,VM2 ,VM2 ,VM2 ,VM2 ,VM2 ,VM1 ,VM2 ,VM1 ,VM1 ,VM2 ,VM1 ,VM1 ,VM1 ,VM1 ,VM1 ,VM2 ,VM2 ,

Current Status:
VM1:0.000	VM2:0.000	VM3:2.000	
New Status:
VM1:1.000	VM2:1.000	VM3:3.000	
VM2	 Blk:9160372	 Tot-Req:279	31.54	31.90	36.56	


VM1	 Blk:11507352	 Tot-Req:280	31.79	31.79	36.43	


VM3	 Blk:17427396	 Tot-Req:281	31.67	31.67	36.65	



No Active Request
Length of sptf queue 31
VM1 ,VM2 ,VM2 ,VM2 ,VM2 ,VM2 ,VM1 ,VM2 ,VM1 ,VM1 ,VM2 ,VM1 ,VM1 ,VM1 ,VM2 ,VM2 ,VM2 ,VM2 ,VM1 ,VM1 ,VM2 ,VM1 ,VM1 ,VM2 ,VM1 ,VM1 ,VM1 ,VM1 ,VM1 ,VM2 ,VM2 ,

Current Status:
VM1:0.000	VM2:0.000	VM3:2.000	
New Status:
VM1:1.000	VM2:1.000	VM3:3.000	
VM1	 Blk:17082680	 Tot-Req:282	31.91	31.56	36.52	


VM2	 Blk:17099408	 Tot-Req:283	31.80	31.80	36.40	


VM3	 Blk:10774996	 Tot-Req:284	31.69	31.69	36.62	



No Active Request
Length of sptf queue 31
VM1 ,VM2 ,VM2 ,VM2 ,VM2 ,VM2 ,VM1 ,VM2 ,VM1 ,VM1 ,VM2 ,VM1 ,VM1 ,VM1 ,VM2 ,VM2 ,VM2 ,VM2 ,VM1 ,VM1 ,VM1 ,VM2 ,VM2 ,VM1 ,VM1 ,VM2 ,VM1 ,VM1 ,VM1 ,VM1 ,VM2 ,

Current Status:
VM1:0.000	VM2:0.000	VM3:2.000	
New Status:
VM1:1.000	VM2:1.000	VM3:3.000	
VM1	 Blk:10775076	 Tot-Req:285	31.93	31.58	36.49	


VM2	 Blk:9820840	 Tot-Req:286	31.82	31.82	36.36	


VM3	 Blk:10690212	 Tot-Req:287	31.71	31.71	36.59	



No Active Request
Length of sptf queue 31
VM1 ,VM2 ,VM2 ,VM2 ,VM2 ,VM2 ,VM1 ,VM2 ,VM1 ,VM1 ,VM2 ,VM1 ,VM1 ,VM1 ,VM2 ,VM2 ,VM2 ,VM1 ,VM1 ,VM2 ,VM1 ,VM2 ,VM2 ,VM1 ,VM1 ,VM2 ,VM1 ,VM1 ,VM1 ,VM1 ,VM2 ,

Current Status:
VM1:0.000	VM2:0.000	VM3:2.000	
New Status:
VM1:1.000	VM2:1.000	VM3:3.000	
VM1	 Blk:10775000	 Tot-Req:288	31.94	31.60	36.46	


VM2	 Blk:10775084	 Tot-Req:289	31.83	31.83	36.33	



No Active Request
Length of sptf queue 31
VM1 ,VM2 ,VM2 ,VM2 ,VM2 ,VM2 ,VM1 ,VM2 ,VM1 ,VM1 ,VM2 ,VM1 ,VM1 ,VM1 ,VM2 ,VM2 ,VM2 ,VM1 ,VM1 ,VM2 ,VM2 ,VM2 ,VM2 ,VM1 ,VM1 ,VM2 ,VM1 ,VM1 ,VM1 ,VM1 ,VM2 ,

Current Status:
VM1:0.000	VM2:0.000	VM3:3.000	
New Status:
VM1:1.000	VM2:1.000	VM3:4.000	
VM1	 Blk:10690224	 Tot-Req:290	32.07	31.72	36.21	


VM2	 Blk:10690232	 Tot-Req:291	31.96	31.96	36.08	


VM3	 Blk:10690536	 Tot-Req:292	31.85	31.85	36.30	





No Active Request
Length of sptf queue 31
VM1 ,VM2 ,VM2 ,VM2 ,VM2 ,VM2 ,VM1 ,VM2 ,VM1 ,VM1 ,VM2 ,VM1 ,VM1 ,VM2 ,VM1 ,VM2 ,VM2 ,VM2 ,VM1 ,VM1 ,VM2 ,VM1 ,VM2 ,VM1 ,VM1 ,VM2 ,VM1 ,VM1 ,VM1 ,VM1 ,VM2 ,

Current Status:
VM1:0.000	VM2:0.000	VM3:3.000	
New Status:
VM1:1.000	VM2:1.000	VM3:4.000	
VM2	 Blk:10690384	 Tot-Req:293	31.74	32.08	36.18	




VM1	 Blk:10690544	 Tot-Req:294	31.97	31.97	36.05	


VM3	 Blk:17663668	 Tot-Req:295	31.86	31.86	36.27	



No Active Request
Length of sptf queue 31
VM1 ,VM2 ,VM2 ,VM2 ,VM2 ,VM2 ,VM1 ,VM2 ,VM1 ,VM1 ,VM2 ,VM1 ,VM1 ,VM2 ,VM1 ,VM2 ,VM1 ,VM2 ,VM2 ,VM2 ,VM1 ,VM1 ,VM2 ,VM1 ,VM1 ,VM2 ,VM1 ,VM1 ,VM1 ,VM1 ,VM2 ,

Current Status:
VM1:0.000	VM2:0.000	VM3:3.000	
New Status:
VM1:1.000	VM2:1.000	VM3:4.000	
VM2	 Blk:17427392	 Tot-Req:296	31.76	32.09	36.15	




VM1	 Blk:9050144	 Tot-Req:297	31.99	31.99	36.03	


VM3	 Blk:9628900	 Tot-Req:298	31.88	31.88	36.24	



No Active Request
Length of sptf queue 31
VM1 ,VM2 ,VM2 ,VM2 ,VM2 ,VM2 ,VM1 ,VM2 ,VM1 ,VM1 ,VM2 ,VM1 ,VM1 ,VM2 ,VM1 ,VM2 ,VM1 ,VM2 ,VM1 ,VM2 ,VM2 ,VM1 ,VM2 ,VM1 ,VM1 ,VM2 ,VM1 ,VM2 ,VM1 ,VM1 ,VM1 ,

Current Status:
VM1:0.000	VM2:0.000	VM3:3.000	
New Status:
VM1:1.000	VM2:1.000	VM3:4.000	
VM1	 Blk:9628824	 Tot-Req:299	32.11	31.77	36.12	


VM2	 Blk:9575168	 Tot-Req:300	32.00	32.00	36.00	


VM3	 Blk:13052232	 Tot-Req:301	31.89	31.89	36.21	



No Active Request
Length of sptf queue 31
VM1 ,VM2 ,VM2 ,VM2 ,VM2 ,VM2 ,VM1 ,VM2 ,VM1 ,VM1 ,VM2 ,VM1 ,VM1 ,VM2 ,VM1 ,VM2 ,VM1 ,VM2 ,VM2 ,VM1 ,VM2 ,VM1 ,VM1 ,VM2 ,VM1 ,VM2 ,VM1 ,VM1 ,VM1 ,VM1 ,VM2 ,

Current Status:
VM1:0.000	VM2:0.000	VM3:3.000	
New Status:
VM1:1.000	VM2:1.000	VM3:4.000	
VM2	 Blk:13052100	 Tot-Req:302	31.79	32.12	36.09	


VM1	 Blk:14962196	 Tot-Req:303	32.01	32.01	35.97	


VM3	 Blk:17335884	 Tot-Req:304	31.91	31.91	36.18	



No Active Request
Length of sptf queue 31
VM1 ,VM2 ,VM2 ,VM2 ,VM2 ,VM2 ,VM1 ,VM2 ,VM1 ,VM1 ,VM2 ,VM1 ,VM1 ,VM2 ,VM1 ,VM2 ,VM1 ,VM2 ,VM2 ,VM1 ,VM2 ,VM1 ,VM1 ,VM2 ,VM1 ,VM1 ,VM1 ,VM1 ,VM2 ,VM1 ,VM2 ,

Current Status:
VM1:0.000	VM2:0.000	VM3:3.000	
New Status:
VM1:1.000	VM2:1.000	VM3:4.000	
VM1	 Blk:17335996	 Tot-Req:305	32.13	31.80	36.07	


VM2	 Blk:17335892	 Tot-Req:306	32.03	32.03	35.95	


VM3	 Blk:5675784	 Tot-Req:307	31.92	31.92	36.16	





No Active Request
Length of sptf queue 31
VM1 ,VM2 ,VM2 ,VM2 ,VM2 ,VM2 ,VM1 ,VM2 ,VM1 ,VM1 ,VM2 ,VM1 ,VM1 ,VM2 ,VM1 ,VM2 ,VM1 ,VM2 ,VM2 ,VM1 ,VM2 ,VM1 ,VM1 ,VM2 ,VM1 ,VM1 ,VM1 ,VM1 ,VM2 ,VM1 ,VM2 ,

Current Status:
VM1:0.000	VM2:0.000	VM3:3.000	
New Status:
VM1:1.000	VM2:1.000	VM3:4.000	
VM1	 Blk:5259624	 Tot-Req:308	32.14	31.82	36.04	


VM2	 Blk:5259744	 Tot-Req:309	32.04	32.04	35.92	


VM3	 Blk:16398460	 Tot-Req:310	31.94	31.94	36.13	



No Active Request
Length of sptf queue 31
VM1 ,VM2 ,VM2 ,VM2 ,VM2 ,VM2 ,VM1 ,VM2 ,VM1 ,VM1 ,VM2 ,VM1 ,VM1 ,VM2 ,VM1 ,VM2 ,VM2 ,VM1 ,VM2 ,VM2 ,VM1 ,VM1 ,VM2 ,VM1 ,VM1 ,VM1 ,VM1 ,VM1 ,VM2 ,VM1 ,VM2 ,

Current Status:
VM1:0.000	VM2:0.000	VM3:3.000	
New Status:
VM1:1.000	VM2:1.000	VM3:4.000	
VM1	 Blk:16398544	 Tot-Req:311	32.15	31.83	36.01	


VM2	 Blk:17636808	 Tot-Req:312	32.05	32.05	35.90	


VM3	 Blk:11221348	 Tot-Req:313	31.95	31.95	36.10	



No Active Request
Length of sptf queue 31
VM1 ,VM2 ,VM2 ,VM2 ,VM2 ,VM2 ,VM1 ,VM2 ,VM1 ,VM1 ,VM2 ,VM1 ,VM1 ,VM2 ,VM2 ,VM1 ,VM2 ,VM2 ,VM1 ,VM2 ,VM1 ,VM2 ,VM1 ,VM1 ,VM2 ,VM1 ,VM1 ,VM1 ,VM1 ,VM2 ,VM1 ,

Current Status:
VM1:0.000	VM2:0.000	VM3:3.000	
New Status:
VM1:1.000	VM2:1.000	VM3:4.000	
VM2	 Blk:11037340	 Tot-Req:314	31.85	32.17	35.99	






VM3	 Blk:8368728	 Tot-Req:315	31.75	32.06	36.19	


VM3	 Blk:8368772	 Tot-Req:316	31.65	31.96	36.39	


VM1	 Blk:8368732	 Tot-Req:317	31.86	31.86	36.28	



No Active Request
Length of sptf queue 31
VM1 ,VM2 ,VM2 ,VM2 ,VM2 ,VM2 ,VM1 ,VM2 ,VM1 ,VM1 ,VM2 ,VM1 ,VM1 ,VM2 ,VM2 ,VM2 ,VM1 ,VM1 ,VM2 ,VM2 ,VM1 ,VM1 ,VM2 ,VM1 ,VM2 ,VM1 ,VM1 ,VM1 ,VM1 ,VM2 ,VM1 ,

Current Status:
VM1:0.000	VM2:0.000	VM3:2.000	
New Status:
VM1:1.000	VM2:1.000	VM3:3.000	
VM2	 Blk:8368624	 Tot-Req:318	31.76	32.08	36.16	


VM1	 Blk:7159084	 Tot-Req:319	31.97	31.97	36.05	


VM3	 Blk:14101724	 Tot-Req:320	31.88	31.88	36.25	



No Active Request
Length of sptf queue 31
VM1 ,VM2 ,VM2 ,VM2 ,VM2 ,VM2 ,VM1 ,VM2 ,VM1 ,VM1 ,VM2 ,VM1 ,VM2 ,VM2 ,VM2 ,VM1 ,VM2 ,VM2 ,VM1 ,VM1 ,VM1 ,VM2 ,VM1 ,VM2 ,VM1 ,VM2 ,VM1 ,VM1 ,VM1 ,VM2 ,VM1 ,

Current Status:
VM1:0.000	VM2:0.000	VM3:2.000	
New Status:
VM1:1.000	VM2:1.000	VM3:3.000	
VM2	 Blk:14101780	 Tot-Req:321	31.78	32.09	36.14	


VM1	 Blk:10791976	 Tot-Req:322	31.99	31.99	36.02	


VM3	 Blk:12428808	 Tot-Req:323	31.89	31.89	36.22	



No Active Request
Length of sptf queue 31
VM1 ,VM2 ,VM2 ,VM2 ,VM2 ,VM2 ,VM1 ,VM2 ,VM1 ,VM1 ,VM2 ,VM1 ,VM2 ,VM2 ,VM2 ,VM1 ,VM2 ,VM2 ,VM1 ,VM1 ,VM2 ,VM1 ,VM2 ,VM1 ,VM1 ,VM1 ,VM2 ,VM1 ,VM1 ,VM2 ,VM1 ,

Current Status:
VM1:0.000	VM2:0.000	VM3:2.000	
New Status:
VM1:1.000	VM2:1.000	VM3:3.000	
VM1	 Blk:13008836	 Tot-Req:324	32.10	31.79	36.11	


VM2	 Blk:11221344	 Tot-Req:325	32.00	32.00	36.00	


VM3	 Blk:7700260	 Tot-Req:326	31.90	31.90	36.20	



No Active Request
Length of sptf queue 31
VM1 ,VM2 ,VM2 ,VM2 ,VM2 ,VM2 ,VM1 ,VM2 ,VM1 ,VM1 ,VM2 ,VM1 ,VM2 ,VM1 ,VM2 ,VM2 ,VM1 ,VM2 ,VM2 ,VM1 ,VM1 ,VM1 ,VM2 ,VM2 ,VM1 ,VM1 ,VM2 ,VM1 ,VM1 ,VM2 ,VM1 ,

Current Status:
VM1:0.000	VM2:0.000	VM3:2.000	
New Status:
VM1:1.000	VM2:1.000	VM3:3.000	


VM2	 Blk:8368728	 Tot-Req:327	31.80	32.11	36.09	


VM1	 Blk:8368780	 Tot-Req:328	32.01	32.01	35.98	


VM3	 Blk:4368164	 Tot-Req:329	31.91	31.91	36.17	



No Active Request
Length of sptf queue 31
VM1 ,VM2 ,VM2 ,VM2 ,VM2 ,VM2 ,VM1 ,VM2 ,VM2 ,VM1 ,VM1 ,VM2 ,VM2 ,VM1 ,VM2 ,VM1 ,VM1 ,VM2 ,VM2 ,VM1 ,VM1 ,VM1 ,VM2 ,VM2 ,VM1 ,VM1 ,VM2 ,VM1 ,VM1 ,VM2 ,VM1 ,

Current Status:
VM1:0.000	VM2:0.000	VM3:2.000	
New Status:
VM1:1.000	VM2:1.000	VM3:3.000	


VM1	 Blk:2595988	 Tot-Req:330	32.12	31.82	36.06	


VM2	 Blk:2252576	 Tot-Req:331	32.02	32.02	35.95	


VM3	 Blk:2252500	 Tot-Req:332	31.93	31.93	36.14	


VM3	 Blk:2252556	 Tot-Req:333	31.83	31.83	36.34	



No Active Request
Length of sptf queue 31
VM1 ,VM2 ,VM2 ,VM2 ,VM2 ,VM2 ,VM1 ,VM1 ,VM2 ,VM1 ,VM2 ,VM1 ,VM2 ,VM1 ,VM2 ,VM1 ,VM1 ,VM2 ,VM2 ,VM1 ,VM1 ,VM1 ,VM2 ,VM2 ,VM1 ,VM1 ,VM2 ,VM1 ,VM1 ,VM2 ,VM1 ,

Current Status:
VM1:0.000	VM2:0.000	VM3:1.000	
New Status:
VM1:1.000	VM2:1.000	VM3:2.000	
VM1	 Blk:2020508	 Tot-Req:334	32.04	31.74	36.23	


VM2	 Blk:984896	 Tot-Req:335	31.94	31.94	36.12	


VM3	 Blk:12173388	 Tot-Req:336	31.85	31.85	36.31	



No Active Request
Length of sptf queue 31
VM1 ,VM2 ,VM2 ,VM2 ,VM2 ,VM1 ,VM2 ,VM1 ,VM2 ,VM2 ,VM1 ,VM2 ,VM1 ,VM2 ,VM1 ,VM1 ,VM2 ,VM2 ,VM1 ,VM1 ,VM1 ,VM2 ,VM2 ,VM1 ,VM1 ,VM1 ,VM2 ,VM1 ,VM1 ,VM2 ,VM1 ,

Current Status:
VM1:0.000	VM2:0.000	VM3:1.000	
New Status:
VM1:1.000	VM2:1.000	VM3:2.000	
VM2	 Blk:12428788	 Tot-Req:337	31.75	32.05	36.20	


VM1	 Blk:13054548	 Tot-Req:338	31.95	31.95	36.09	


VM3	 Blk:11014184	 Tot-Req:339	31.86	31.86	36.28	



No Active Request
Length of sptf queue 31
VM1 ,VM2 ,VM2 ,VM2 ,VM2 ,VM1 ,VM2 ,VM1 ,VM2 ,VM2 ,VM1 ,VM2 ,VM1 ,VM2 ,VM1 ,VM1 ,VM2 ,VM2 ,VM1 ,VM1 ,VM1 ,VM1 ,VM2 ,VM1 ,VM2 ,VM1 ,VM2 ,VM1 ,VM1 ,VM2 ,VM1 ,

Current Status:
VM1:0.000	VM2:0.000	VM3:1.000	
New Status:
VM1:1.000	VM2:1.000	VM3:2.000	
