Index = 3, VM_IN_USE = 3
VM1	 Blk:17871492	 Tot:1	100.00	0.00	0.00	
VM3	 Blk:17871516	 Tot:2	50.00	0.00	50.00	
VM3	 Blk:17871548	 Tot:3	33.33	0.00	66.67	
VM3	 Blk:17843220	 Tot:4	25.00	0.00	75.00	
VM3	 Blk:14836328	 Tot:5	20.00	0.00	80.00	
VM1	 Blk:13701344	 Tot:6	33.33	0.00	66.67	
VM1	 Blk:14073900	 Tot:7	42.86	0.00	57.14	
VM1	 Blk:17871520	 Tot:8	50.00	0.00	50.00	
VM1	 Blk:9974552	 Tot:9	55.56	0.00	44.44	
VM2	 Blk:9772056	 Tot:10	50.00	10.00	40.00	
VM1	 Blk:4057360	 Tot:11	54.55	9.09	36.36	
VM3	 Blk:4057436	 Tot:12	50.00	8.33	41.67	
VM2	 Blk:4057520	 Tot:13	46.15	15.38	38.46	
VM3	 Blk:5641644	 Tot:14	42.86	14.29	42.86	
VM2	 Blk:11167996	 Tot:15	40.00	20.00	40.00	
VM2	 Blk:5641564	 Tot:16	37.50	25.00	37.50	
VM3	 Blk:11168000	 Tot:17	35.29	23.53	41.18	
VM1	 Blk:7822384	 Tot:18	38.89	22.22	38.89	
VM3	 Blk:7822412	 Tot:19	36.84	21.05	42.11	
VM3	 Blk:7806564	 Tot:20	35.00	20.00	45.00	
VM2	 Blk:7822400	 Tot:21	33.33	23.81	42.86	
VM1	 Blk:7597580	 Tot:22	36.36	22.73	40.91	
VM2	 Blk:3772940	 Tot:23	34.78	26.09	39.13	
VM2	 Blk:3478568	 Tot:24	33.33	29.17	37.50	
VM2	 Blk:4581624	 Tot:25	32.00	32.00	36.00	
VM3	 Blk:4605320	 Tot:26	30.77	30.77	38.46	
VM3	 Blk:637100	 Tot:27	29.63	29.63	40.74	
VM3	 Blk:869888	 Tot:28	28.57	28.57	42.86	
VM3	 Blk:1265968	 Tot:29	27.59	27.59	44.83	
VM3	 Blk:3772944	 Tot:30	26.67	26.67	46.67	
VM3	 Blk:12639344	 Tot:31	25.81	25.81	48.39	
VM3	 Blk:14322044	 Tot:32	25.00	25.00	50.00	

 All expired: Reset
VM1	 Blk:14322168	 Tot:33	27.27	24.24	48.48	
VM2	 Blk:14322184	 Tot:34	26.47	26.47	47.06	
VM3	 Blk:14322264	 Tot:35	25.71	25.71	48.57	
VM2	 Blk:14322032	 Tot:36	25.00	27.78	47.22	
VM2	 Blk:14375212	 Tot:37	24.32	29.73	45.95	
VM1	 Blk:16805404	 Tot:38	26.32	28.95	44.74	
VM2	 Blk:17871524	 Tot:39	25.64	30.77	43.59	
VM3	 Blk:15665984	 Tot:40	25.00	30.00	45.00	
VM1	 Blk:12639296	 Tot:41	26.83	29.27	43.90	
VM2	 Blk:12475148	 Tot:42	26.19	30.95	42.86	
VM2	 Blk:12632908	 Tot:43	25.58	32.56	41.86	
VM1	 Blk:12726328	 Tot:44	27.27	31.82	40.91	
VM3	 Blk:12632908	 Tot:45	26.67	31.11	42.22	
VM2	 Blk:9932664	 Tot:46	26.09	32.61	41.30	
VM3	 Blk:8892732	 Tot:47	25.53	31.91	42.55	
VM2	 Blk:8892860	 Tot:48	25.00	33.33	41.67	
VM3	 Blk:8892672	 Tot:49	24.49	32.65	42.86	
VM1	 Blk:8892736	 Tot:50	26.00	32.00	42.00	
VM1	 Blk:8892540	 Tot:51	27.45	31.37	41.18	
VM1	 Blk:9207792	 Tot:52	28.85	30.77	40.38	
VM1	 Blk:3772936	 Tot:53	30.19	30.19	39.62	
VM3	 Blk:17871504	 Tot:54	29.63	29.63	40.74	
VM3	 Blk:17186112	 Tot:55	29.09	29.09	41.82	
VM3	 Blk:15919472	 Tot:56	28.57	28.57	42.86	
VM3	 Blk:672688	 Tot:57	28.07	28.07	43.86	
VM3	 Blk:4768804	 Tot:58	27.59	27.59	44.83	
VM3	 Blk:4307828	 Tot:59	27.12	27.12	45.76	
VM3	 Blk:150300	 Tot:60	26.67	26.67	46.67	
VM3	 Blk:105340	 Tot:61	26.23	26.23	47.54	
VM3	 Blk:9177748	 Tot:62	25.81	25.81	48.39	
VM3	 Blk:10763468	 Tot:63	25.40	25.40	49.21	

No Active Request
Current Status:
VM1:0	VM2:0	VM3:1	
: Update
New Status:
VM1:8	VM2:8	VM3:17	
VM1	 Blk:12601580	 Tot:64	26.56	25.00	48.44	
VM2	 Blk:7194516	 Tot:65	26.15	26.15	47.69	
VM2	 Blk:7205000	 Tot:66	25.76	27.27	46.97	
VM1	 Blk:1265960	 Tot:67	26.87	26.87	46.27	
VM1	 Blk:977368	 Tot:68	27.94	26.47	45.59	
VM1	 Blk:2014736	 Tot:69	28.99	26.09	44.93	
VM2	 Blk:1265964	 Tot:70	28.57	27.14	44.29	
VM1	 Blk:150424	 Tot:71	29.58	26.76	43.66	
VM1	 Blk:150188	 Tot:72	30.56	26.39	43.06	
VM2	 Blk:105336	 Tot:73	30.14	27.40	42.47	
VM1	 Blk:244428	 Tot:74	31.08	27.03	41.89	
VM2	 Blk:672780	 Tot:75	30.67	28.00	41.33	
VM1	 Blk:672648	 Tot:76	31.58	27.63	40.79	
VM2	 Blk:4605220	 Tot:77	31.17	28.57	40.26	
VM2	 Blk:4398172	 Tot:78	30.77	29.49	39.74	
VM2	 Blk:4397976	 Tot:79	30.38	30.38	39.24	
VM3	 Blk:4398032	 Tot:80	30.00	30.00	40.00	
VM3	 Blk:4398176	 Tot:81	29.63	29.63	40.74	
VM3	 Blk:15871748	 Tot:82	29.27	29.27	41.46	
VM3	 Blk:15871860	 Tot:83	28.92	28.92	42.17	
VM3	 Blk:13432088	 Tot:84	28.57	28.57	42.86	
VM3	 Blk:9437280	 Tot:85	28.24	28.24	43.53	
VM3	 Blk:9437600	 Tot:86	27.91	27.91	44.19	
VM3	 Blk:9613712	 Tot:87	27.59	27.59	44.83	

No Active Request
Current Status:
VM1:0	VM2:0	VM3:9	
: Update
New Status:
VM1:8	VM2:8	VM3:25	
VM1	 Blk:9613728	 Tot:88	28.41	27.27	44.32	
VM1	 Blk:9437448	 Tot:89	29.21	26.97	43.82	
VM2	 Blk:9437276	 Tot:90	28.89	27.78	43.33	
VM2	 Blk:9437452	 Tot:91	28.57	28.57	42.86	
VM1	 Blk:9413664	 Tot:92	29.35	28.26	42.39	
VM1	 Blk:4398180	 Tot:93	30.11	27.96	41.94	
VM1	 Blk:4398032	 Tot:94	30.85	27.66	41.49	
VM2	 Blk:5711892	 Tot:95	30.53	28.42	41.05	
VM1	 Blk:5663744	 Tot:96	31.25	28.12	40.62	
VM1	 Blk:5711884	 Tot:97	31.96	27.84	40.21	
VM1	 Blk:5641568	 Tot:98	32.65	27.55	39.80	
VM2	 Blk:6265276	 Tot:99	32.32	28.28	39.39	
VM2	 Blk:7141908	 Tot:100	32.00	29.00	39.00	
VM2	 Blk:150192	 Tot:101	31.68	29.70	38.61	
VM2	 Blk:3425036	 Tot:102	31.37	30.39	38.24	
VM2	 Blk:1612404	 Tot:103	31.07	31.07	37.86	
VM3	 Blk:1612416	 Tot:104	30.77	30.77	38.46	
VM3	 Blk:11300176	 Tot:105	30.48	30.48	39.05	
VM3	 Blk:11300264	 Tot:106	30.19	30.19	39.62	
VM3	 Blk:15955872	 Tot:107	29.91	29.91	40.19	
VM3	 Blk:17148040	 Tot:108	29.63	29.63	40.74	
VM3	 Blk:17126368	 Tot:109	29.36	29.36	41.28	
VM3	 Blk:17082732	 Tot:110	29.09	29.09	41.82	
VM3	 Blk:8446892	 Tot:111	28.83	28.83	42.34	

No Active Request
Current Status:
VM1:0	VM2:0	VM3:17	
: Update
New Status:
VM1:8	VM2:8	VM3:33	
VM1	 Blk:7141900	 Tot:112	29.46	28.57	41.96	
VM2	 Blk:11520144	 Tot:113	29.20	29.20	41.59	
VM2	 Blk:11300168	 Tot:114	28.95	29.82	41.23	
VM1	 Blk:11300268	 Tot:115	29.57	29.57	40.87	
VM3	 Blk:10021300	 Tot:116	29.31	29.31	41.38	
VM2	 Blk:11353544	 Tot:117	29.06	29.91	41.03	
VM1	 Blk:15871756	 Tot:118	29.66	29.66	40.68	
VM2	 Blk:15871820	 Tot:119	29.41	30.25	40.34	
VM2	 Blk:15871668	 Tot:120	29.17	30.83	40.00	
VM2	 Blk:17871500	 Tot:121	28.93	31.40	39.67	
VM1	 Blk:13335784	 Tot:122	29.51	31.15	39.34	
VM1	 Blk:13432092	 Tot:123	30.08	30.89	39.02	
VM1	 Blk:13005820	 Tot:124	30.65	30.65	38.71	
VM3	 Blk:17670020	 Tot:125	30.40	30.40	39.20	
VM2	 Blk:17185956	 Tot:126	30.16	30.95	38.89	
VM1	 Blk:17082680	 Tot:127	30.71	30.71	38.58	
VM2	 Blk:17082720	 Tot:128	30.47	31.25	38.28	
VM1	 Blk:14843168	 Tot:129	31.01	31.01	37.98	
VM3	 Blk:5308136	 Tot:130	30.77	30.77	38.46	
VM3	 Blk:5308140	 Tot:131	30.53	30.53	38.93	
VM3	 Blk:10475900	 Tot:132	30.30	30.30	39.39	
VM3	 Blk:8005216	 Tot:133	30.08	30.08	39.85	
VM3	 Blk:10475864	 Tot:134	29.85	29.85	40.30	
VM3	 Blk:3290224	 Tot:135	29.63	29.63	40.74	

No Active Request
Current Status:
VM1:0	VM2:0	VM3:25	
: Update
New Status:
VM1:8	VM2:8	VM3:41	
VM2	 Blk:3410404	 Tot:136	29.41	30.15	40.44	
VM1	 Blk:3410540	 Tot:137	29.93	29.93	40.15	
VM1	 Blk:5308116	 Tot:138	30.43	29.71	39.86	
VM2	 Blk:5659232	 Tot:139	30.22	30.22	39.57	
VM1	 Blk:5659364	 Tot:140	30.71	30.00	39.29	
VM2	 Blk:1612440	 Tot:141	30.50	30.50	39.01	
VM2	 Blk:1509800	 Tot:142	30.28	30.99	38.73	
VM2	 Blk:1852212	 Tot:143	30.07	31.47	38.46	
VM1	 Blk:1612316	 Tot:144	30.56	31.25	38.19	
VM1	 Blk:1612404	 Tot:145	31.03	31.03	37.93	
VM1	 Blk:2036460	 Tot:146	31.51	30.82	37.67	
VM1	 Blk:3772948	 Tot:147	31.97	30.61	37.41	
VM2	 Blk:5308116	 Tot:148	31.76	31.08	37.16	
VM3	 Blk:4816500	 Tot:149	31.54	30.87	37.58	
VM1	 Blk:10475836	 Tot:150	32.00	30.67	37.33	
VM2	 Blk:10475876	 Tot:151	31.79	31.13	37.09	
VM2	 Blk:12608656	 Tot:152	31.58	31.58	36.84	
VM3	 Blk:14621336	 Tot:153	31.37	31.37	37.25	
VM3	 Blk:14621144	 Tot:154	31.17	31.17	37.66	
VM3	 Blk:10475840	 Tot:155	30.97	30.97	38.06	
VM3	 Blk:10475884	 Tot:156	30.77	30.77	38.46	
VM3	 Blk:2102980	 Tot:157	30.57	30.57	38.85	
VM3	 Blk:8573064	 Tot:158	30.38	30.38	39.24	
VM3	 Blk:12981384	 Tot:159	30.19	30.19	39.62	

No Active Request
Current Status:
VM1:0	VM2:0	VM3:33	
: Update
New Status:
VM1:8	VM2:8	VM3:49	
VM2	 Blk:13432096	 Tot:160	30.00	30.62	39.38	
VM1	 Blk:10476020	 Tot:161	30.43	30.43	39.13	
VM2	 Blk:10475836	 Tot:162	30.25	30.86	38.89	
VM1	 Blk:10475876	 Tot:163	30.67	30.67	38.65	
VM1	 Blk:9775940	 Tot:164	31.10	30.49	38.41	
VM2	 Blk:9776000	 Tot:165	30.91	30.91	38.18	
VM2	 Blk:11901772	 Tot:166	30.72	31.33	37.95	
VM1	 Blk:11901548	 Tot:167	31.14	31.14	37.72	
VM2	 Blk:12981532	 Tot:168	30.95	31.55	37.50	
VM1	 Blk:12981352	 Tot:169	31.36	31.36	37.28	
VM2	 Blk:14621332	 Tot:170	31.18	31.76	37.06	
VM1	 Blk:14621176	 Tot:171	31.58	31.58	36.84	
VM1	 Blk:14621292	 Tot:172	31.98	31.40	36.63	
VM2	 Blk:14621184	 Tot:173	31.79	31.79	36.42	
VM1	 Blk:16902696	 Tot:174	32.18	31.61	36.21	
VM2	 Blk:11500456	 Tot:175	32.00	32.00	36.00	
VM3	 Blk:11419496	 Tot:176	31.82	31.82	36.36	
VM3	 Blk:8999936	 Tot:177	31.64	31.64	36.72	
VM3	 Blk:2672592	 Tot:178	31.46	31.46	37.08	
VM3	 Blk:1639184	 Tot:179	31.28	31.28	37.43	
VM3	 Blk:5715028	 Tot:180	31.11	31.11	37.78	
VM3	 Blk:11901780	 Tot:181	30.94	30.94	38.12	
VM3	 Blk:15268128	 Tot:182	30.77	30.77	38.46	
VM3	 Blk:5363344	 Tot:183	30.60	30.60	38.80	

No Active Request
Current Status:
VM1:0	VM2:0	VM3:41	
: Update
New Status:
VM1:8	VM2:8	VM3:57	
VM1	 Blk:5715036	 Tot:184	30.98	30.43	38.59	
VM2	 Blk:5715044	 Tot:185	30.81	30.81	38.38	
VM1	 Blk:5363360	 Tot:186	31.18	30.65	38.17	
VM3	 Blk:5310136	 Tot:187	31.02	30.48	38.50	
VM2	 Blk:5310248	 Tot:188	30.85	30.85	38.30	
VM2	 Blk:10475844	 Tot:189	30.69	31.22	38.10	
VM2	 Blk:10475880	 Tot:190	30.53	31.58	37.89	
VM1	 Blk:11901788	 Tot:191	30.89	31.41	37.70	
VM1	 Blk:9050144	 Tot:192	31.25	31.25	37.50	
VM2	 Blk:9404832	 Tot:193	31.09	31.61	37.31	
VM1	 Blk:10411620	 Tot:194	31.44	31.44	37.11	
VM1	 Blk:16259860	 Tot:195	31.79	31.28	36.92	
VM2	 Blk:17099408	 Tot:196	31.63	31.63	36.73	
VM2	 Blk:17148036	 Tot:197	31.47	31.98	36.55	
VM1	 Blk:17358264	 Tot:198	31.82	31.82	36.36	
VM2	 Blk:17358304	 Tot:199	31.66	32.16	36.18	
VM3	 Blk:16033340	 Tot:200	31.50	32.00	36.50	
VM1	 Blk:16033592	 Tot:201	31.84	31.84	36.32	
VM3	 Blk:13009096	 Tot:202	31.68	31.68	36.63	
VM3	 Blk:13995280	 Tot:203	31.53	31.53	36.95	
VM3	 Blk:13171156	 Tot:204	31.37	31.37	37.25	
VM3	 Blk:15159904	 Tot:205	31.22	31.22	37.56	
VM3	 Blk:2016160	 Tot:206	31.07	31.07	37.86	
VM3	 Blk:10299032	 Tot:207	30.92	30.92	38.16	

No Active Request
Current Status:
VM1:0	VM2:0	VM3:49	
: Update
New Status:
VM1:8	VM2:8	VM3:65	
VM1	 Blk:15268288	 Tot:208	31.25	30.77	37.98	
VM2	 Blk:15268356	 Tot:209	31.10	31.10	37.80	
VM2	 Blk:16188960	 Tot:210	30.95	31.43	37.62	
VM2	 Blk:15955868	 Tot:211	30.81	31.75	37.44	
VM1	 Blk:15950660	 Tot:212	31.13	31.60	37.26	
VM1	 Blk:14748836	 Tot:213	31.46	31.46	37.09	
VM2	 Blk:9820840	 Tot:214	31.31	31.78	36.92	
VM2	 Blk:10299028	 Tot:215	31.16	32.09	36.74	
VM1	 Blk:11632484	 Tot:216	31.48	31.94	36.57	
VM1	 Blk:10455900	 Tot:217	31.80	31.80	36.41	
VM1	 Blk:10299036	 Tot:218	32.11	31.65	36.24	
VM1	 Blk:12071852	 Tot:219	32.42	31.51	36.07	
VM2	 Blk:16805316	 Tot:220	32.27	31.82	35.91	
VM2	 Blk:16033584	 Tot:221	32.13	32.13	35.75	
VM2	 Blk:11239980	 Tot:222	31.98	32.43	35.59	
VM1	 Blk:11520136	 Tot:223	32.29	32.29	35.43	
VM3	 Blk:12552880	 Tot:224	32.14	32.14	35.71	
VM3	 Blk:13457288	 Tot:225	32.00	32.00	36.00	
VM3	 Blk:6951800	 Tot:226	31.86	31.86	36.28	
VM3	 Blk:984816	 Tot:227	31.72	31.72	36.56	
VM3	 Blk:984848	 Tot:228	31.58	31.58	36.84	
VM3	 Blk:768956	 Tot:229	31.44	31.44	37.12	
VM3	 Blk:14212644	 Tot:230	31.30	31.30	37.39	
VM3	 Blk:6315896	 Tot:231	31.17	31.17	37.66	

No Active Request
Current Status:
VM1:0	VM2:0	VM3:57	
: Update
New Status:
VM1:8	VM2:8	VM3:73	
VM1	 Blk:7868336	 Tot:232	31.47	31.03	37.50	
VM2	 Blk:1910400	 Tot:233	31.33	31.33	37.34	
VM2	 Blk:2016172	 Tot:234	31.20	31.62	37.18	
VM1	 Blk:8005160	 Tot:235	31.49	31.49	37.02	
VM2	 Blk:7868344	 Tot:236	31.36	31.78	36.86	
VM1	 Blk:6951732	 Tot:237	31.65	31.65	36.71	
VM2	 Blk:884380	 Tot:238	31.51	31.93	36.55	
VM1	 Blk:984820	 Tot:239	31.80	31.80	36.40	
VM1	 Blk:984872	 Tot:240	32.08	31.67	36.25	
VM2	 Blk:984824	 Tot:241	31.95	31.95	36.10	
VM2	 Blk:753752	 Tot:242	31.82	32.23	35.95	
VM2	 Blk:637096	 Tot:243	31.69	32.51	35.80	
VM2	 Blk:984896	 Tot:244	31.56	32.79	35.66	
VM1	 Blk:2020508	 Tot:245	31.84	32.65	35.51	
VM1	 Blk:2595988	 Tot:246	32.11	32.52	35.37	
VM3	 Blk:2020496	 Tot:247	31.98	32.39	35.63	
VM1	 Blk:3119200	 Tot:248	32.26	32.26	35.48	
VM3	 Blk:9160376	 Tot:249	32.13	32.13	35.74	
VM3	 Blk:502076	 Tot:250	32.00	32.00	36.00	
VM3	 Blk:6113056	 Tot:251	31.87	31.87	36.25	
VM3	 Blk:294464	 Tot:252	31.75	31.75	36.51	
VM3	 Blk:6113068	 Tot:253	31.62	31.62	36.76	
VM3	 Blk:16792952	 Tot:254	31.50	31.50	37.01	
VM3	 Blk:17733760	 Tot:255	31.37	31.37	37.25	

No Active Request
Current Status:
VM1:0	VM2:0	VM3:65	
: Update
New Status:
VM1:8	VM2:8	VM3:81	
VM1	 Blk:17733728	 Tot:256	31.64	31.25	37.11	
VM1	 Blk:11507352	 Tot:257	31.91	31.13	36.96	
VM2	 Blk:12552544	 Tot:258	31.78	31.40	36.82	
VM1	 Blk:13457468	 Tot:259	32.05	31.27	36.68	
VM2	 Blk:13457324	 Tot:260	31.92	31.54	36.54	
VM1	 Blk:13457172	 Tot:261	32.18	31.42	36.40	
VM1	 Blk:11419504	 Tot:262	32.44	31.30	36.26	
VM2	 Blk:11644896	 Tot:263	32.32	31.56	36.12	
VM1	 Blk:6113060	 Tot:264	32.58	31.44	35.98	
VM2	 Blk:8573236	 Tot:265	32.45	31.70	35.85	
VM1	 Blk:9160340	 Tot:266	32.71	31.58	35.71	
VM1	 Blk:9160368	 Tot:267	32.96	31.46	35.58	
VM2	 Blk:9679380	 Tot:268	32.84	31.72	35.45	
VM3	 Blk:10757260	 Tot:269	32.71	31.60	35.69	
VM2	 Blk:5132172	 Tot:270	32.59	31.85	35.56	
VM3	 Blk:1403956	 Tot:271	32.47	31.73	35.79	
VM2	 Blk:1404372	 Tot:272	32.35	31.99	35.66	
VM3	 Blk:1404156	 Tot:273	32.23	31.87	35.90	
VM2	 Blk:1403860	 Tot:274	32.12	32.12	35.77	
VM3	 Blk:1404384	 Tot:275	32.00	32.00	36.00	
VM3	 Blk:11911828	 Tot:276	31.88	31.88	36.23	
VM3	 Blk:7725092	 Tot:277	31.77	31.77	36.46	
VM3	 Blk:10149840	 Tot:278	31.65	31.65	36.69	
VM3	 Blk:17427396	 Tot:279	31.54	31.54	36.92	

No Active Request
Current Status:
VM1:0	VM2:0	VM3:73	
: Update
New Status:
VM1:8	VM2:8	VM3:89	
VM1	 Blk:14962196	 Tot:280	31.79	31.43	36.79	
VM3	 Blk:10774996	 Tot:281	31.67	31.32	37.01	
VM1	 Blk:10775076	 Tot:282	31.91	31.21	36.88	
VM2	 Blk:9160372	 Tot:283	31.80	31.45	36.75	
VM1	 Blk:9575164	 Tot:284	32.04	31.34	36.62	
VM3	 Blk:10690212	 Tot:285	31.93	31.23	36.84	
VM2	 Blk:10690384	 Tot:286	31.82	31.47	36.71	
VM1	 Blk:10690224	 Tot:287	32.06	31.36	36.59	
VM2	 Blk:10690232	 Tot:288	31.94	31.60	36.46	
VM1	 Blk:10358204	 Tot:289	32.18	31.49	36.33	
VM2	 Blk:10775084	 Tot:290	32.07	31.72	36.21	
VM2	 Blk:7991412	 Tot:291	31.96	31.96	36.08	
VM1	 Blk:8573188	 Tot:292	32.19	31.85	35.96	
VM2	 Blk:7223400	 Tot:293	32.08	32.08	35.84	
VM2	 Blk:6113064	 Tot:294	31.97	32.31	35.71	
VM2	 Blk:2502776	 Tot:295	31.86	32.54	35.59	
VM1	 Blk:1403960	 Tot:296	32.09	32.43	35.47	
VM1	 Blk:1404396	 Tot:297	32.32	32.32	35.35	
VM3	 Blk:9628900	 Tot:298	32.21	32.21	35.57	
VM3	 Blk:10690536	 Tot:299	32.11	32.11	35.79	
VM3	 Blk:17663668	 Tot:300	32.00	32.00	36.00	
VM3	 Blk:17335884	 Tot:301	31.89	31.89	36.21	
VM3	 Blk:13052232	 Tot:302	31.79	31.79	36.42	
VM3	 Blk:5675784	 Tot:303	31.68	31.68	36.63	

No Active Request
Current Status:
VM1:0	VM2:0	VM3:81	
: Update
New Status:
VM1:8	VM2:8	VM3:97	
VM1	 Blk:5259624	 Tot:304	31.91	31.58	36.51	
VM2	 Blk:5259744	 Tot:305	31.80	31.80	36.39	
VM1	 Blk:10775000	 Tot:306	32.03	31.70	36.27	
VM1	 Blk:10690544	 Tot:307	32.25	31.60	36.16	
VM2	 Blk:11037340	 Tot:308	32.14	31.82	36.04	
VM2	 Blk:11221344	 Tot:309	32.04	32.04	35.92	
VM2	 Blk:9575168	 Tot:310	31.94	32.26	35.81	
VM1	 Blk:9628824	 Tot:311	32.15	32.15	35.69	
VM2	 Blk:8999996	 Tot:312	32.05	32.37	35.58	
VM2	 Blk:10149856	 Tot:313	31.95	32.59	35.46	
VM3	 Blk:8368728	 Tot:314	31.85	32.48	35.67	
VM3	 Blk:8368772	 Tot:315	31.75	32.38	35.87	
VM2	 Blk:8368624	 Tot:316	31.65	32.59	35.76	
VM2	 Blk:8368728	 Tot:317	31.55	32.81	35.65	
VM1	 Blk:8368732	 Tot:318	31.76	32.70	35.53	
VM1	 Blk:8368780	 Tot:319	31.97	32.60	35.42	
VM1	 Blk:11221292	 Tot:320	32.19	32.50	35.31	
VM3	 Blk:11221348	 Tot:321	32.09	32.40	35.51	
VM1	 Blk:13008836	 Tot:322	32.30	32.30	35.40	
VM3	 Blk:7700260	 Tot:323	32.20	32.20	35.60	
VM3	 Blk:14101724	 Tot:324	32.10	32.10	35.80	
VM3	 Blk:12428808	 Tot:325	32.00	32.00	36.00	
VM3	 Blk:4368164	 Tot:326	31.90	31.90	36.20	
VM3	 Blk:16398460	 Tot:327	31.80	31.80	36.39	

No Active Request
Current Status:
VM1:0	VM2:0	VM3:89	
: Update
New Status:
VM1:8	VM2:8	VM3:105	
VM1	 Blk:16398544	 Tot:328	32.01	31.71	36.28	
VM1	 Blk:17636756	 Tot:329	32.22	31.61	36.17	
VM2	 Blk:17636808	 Tot:330	32.12	31.82	36.06	
VM1	 Blk:17335996	 Tot:331	32.33	31.72	35.95	
VM1	 Blk:17335888	 Tot:332	32.53	31.63	35.84	
VM2	 Blk:17336016	 Tot:333	32.43	31.83	35.74	
VM2	 Blk:17427392	 Tot:334	32.34	32.04	35.63	
VM1	 Blk:12428812	 Tot:335	32.54	31.94	35.52	
VM2	 Blk:11911812	 Tot:336	32.44	32.14	35.42	
VM1	 Blk:3494084	 Tot:337	32.64	32.05	35.31	
VM1	 Blk:1698856	 Tot:338	32.84	31.95	35.21	
VM2	 Blk:1900768	 Tot:339	32.74	32.15	35.10	
VM1	 Blk:2252436	 Tot:340	32.94	32.06	35.00	
VM3	 Blk:2252500	 Tot:341	32.84	31.96	35.19	
VM3	 Blk:2252556	 Tot:342	32.75	31.87	35.38	
VM3	 Blk:2367628	 Tot:343	32.65	31.78	35.57	
VM2	 Blk:2252512	 Tot:344	32.56	31.98	35.47	
VM2	 Blk:2252576	 Tot:345	32.46	32.17	35.36	
VM2	 Blk:2252456	 Tot:346	32.37	32.37	35.26	
VM3	 Blk:11014184	 Tot:347	32.28	32.28	35.45	
VM3	 Blk:12173388	 Tot:348	32.18	32.18	35.63	
VM3	 Blk:16698708	 Tot:349	32.09	32.09	35.82	
VM3	 Blk:181044	 Tot:350	32.00	32.00	36.00	
VM3	 Blk:11713568	 Tot:351	31.91	31.91	36.18	

No Active Request
Current Status:
VM1:0	VM2:0	VM3:97	
: Update
New Status:
VM1:8	VM2:8	VM3:113	
VM1	 Blk:11713492	 Tot:352	32.10	31.82	36.08	
VM1	 Blk:11014192	 Tot:353	32.29	31.73	35.98	
VM2	 Blk:11014200	 Tot:354	32.20	31.92	35.88	
VM1	 Blk:9382676	 Tot:355	32.39	31.83	35.77	
VM2	 Blk:14386100	 Tot:356	32.30	32.02	35.67	
VM3	 Blk:13175544	 Tot:357	32.21	31.93	35.85	
VM1	 Blk:13175588	 Tot:358	32.40	31.84	35.75	
VM2	 Blk:13175420	 Tot:359	32.31	32.03	35.65	
VM2	 Blk:13052100	 Tot:360	32.22	32.22	35.56	
VM1	 Blk:7700260	 Tot:361	32.41	32.13	35.46	
VM1	 Blk:1804456	 Tot:362	32.60	32.04	35.36	
VM2	 Blk:1804540	 Tot:363	32.51	32.23	35.26	
VM2	 Blk:2309132	 Tot:364	32.42	32.42	35.16	
VM1	 Blk:2309172	 Tot:365	32.60	32.33	35.07	
VM1	 Blk:2252496	 Tot:366	32.79	32.24	34.97	
VM2	 Blk:294480	 Tot:367	32.70	32.43	34.88	
VM2	 Blk:502072	 Tot:368	32.61	32.61	34.78	
VM3	 Blk:2309168	 Tot:369	32.52	32.52	34.96	
VM3	 Blk:3013732	 Tot:370	32.43	32.43	35.14	
VM3	 Blk:1955688	 Tot:371	32.35	32.35	35.31	
VM3	 Blk:14386104	 Tot:372	32.26	32.26	35.48	
VM3	 Blk:12038144	 Tot:373	32.17	32.17	35.66	
VM3	 Blk:12038216	 Tot:374	32.09	32.09	35.83	
VM3	 Blk:12038252	 Tot:375	32.00	32.00	36.00	

No Active Request
Current Status:
VM1:0	VM2:0	VM3:105	
: Update
New Status:
VM1:8	VM2:8	VM3:121	
VM1	 Blk:12038012	 Tot:376	32.18	31.91	35.90	
VM2	 Blk:12038136	 Tot:377	32.10	32.10	35.81	
VM2	 Blk:12428788	 Tot:378	32.01	32.28	35.71	
VM1	 Blk:13054548	 Tot:379	32.19	32.19	35.62	
VM2	 Blk:13054556	 Tot:380	32.11	32.37	35.53	
VM1	 Blk:10791976	 Tot:381	32.28	32.28	35.43	
VM2	 Blk:11066592	 Tot:382	32.20	32.46	35.34	
VM1	 Blk:9237456	 Tot:383	32.38	32.38	35.25	
VM2	 Blk:9237348	 Tot:384	32.29	32.55	35.16	
VM2	 Blk:7324560	 Tot:385	32.21	32.73	35.06	
VM1	 Blk:5227368	 Tot:386	32.38	32.64	34.97	
VM1	 Blk:5069112	 Tot:387	32.56	32.56	34.88	
VM1	 Blk:7159084	 Tot:388	32.73	32.47	34.79	
VM3	 Blk:7324532	 Tot:389	32.65	32.39	34.96	
VM1	 Blk:2759108	 Tot:390	32.82	32.31	34.87	
VM2	 Blk:1403972	 Tot:391	32.74	32.48	34.78	
VM3	 Blk:922236	 Tot:392	32.65	32.40	34.95	
VM2	 Blk:998656	 Tot:393	32.57	32.57	34.86	
VM3	 Blk:1558072	 Tot:394	32.49	32.49	35.03	
VM3	 Blk:1557888	 Tot:395	32.41	32.41	35.19	
VM3	 Blk:998668	 Tot:396	32.32	32.32	35.35	
VM3	 Blk:12836924	 Tot:397	32.24	32.24	35.52	
VM3	 Blk:12038164	 Tot:398	32.16	32.16	35.68	
VM3	 Blk:8899520	 Tot:399	32.08	32.08	35.84	

No Active Request
Current Status:
VM1:0	VM2:0	VM3:113	
: Update
New Status:
VM1:8	VM2:8	VM3:129	
VM1	 Blk:8899640	 Tot:400	32.25	32.00	35.75	
VM2	 Blk:8899420	 Tot:401	32.17	32.17	35.66	
VM1	 Blk:3089064	 Tot:402	32.34	32.09	35.57	
VM1	 Blk:2886456	 Tot:403	32.51	32.01	35.48	
VM1	 Blk:3834144	 Tot:404	32.67	31.93	35.40	
VM1	 Blk:6095656	 Tot:405	32.84	31.85	35.31	
VM1	 Blk:5283688	 Tot:406	33.00	31.77	35.22	
VM2	 Blk:5069076	 Tot:407	32.92	31.94	35.14	
VM2	 Blk:1955496	 Tot:408	32.84	32.11	35.05	
VM2	 Blk:2743804	 Tot:409	32.76	32.27	34.96	
VM3	 Blk:2461284	 Tot:410	32.68	32.20	35.12	
VM2	 Blk:2461356	 Tot:411	32.60	32.36	35.04	
VM1	 Blk:1557908	 Tot:412	32.77	32.28	34.95	
VM2	 Blk:1558016	 Tot:413	32.69	32.45	34.87	
VM1	 Blk:1558076	 Tot:414	32.85	32.37	34.78	
VM3	 Blk:6095544	 Tot:415	32.77	32.29	34.94	
VM2	 Blk:6095664	 Tot:416	32.69	32.45	34.86	
VM2	 Blk:7315640	 Tot:417	32.61	32.61	34.77	
VM3	 Blk:7315644	 Tot:418	32.54	32.54	34.93	
VM3	 Blk:15762864	 Tot:419	32.46	32.46	35.08	
VM3	 Blk:7315456	 Tot:420	32.38	32.38	35.24	
VM3	 Blk:651348	 Tot:421	32.30	32.30	35.39	
VM3	 Blk:17746852	 Tot:422	32.23	32.23	35.55	
VM3	 Blk:10177664	 Tot:423	32.15	32.15	35.70	

No Active Request
Current Status:
VM1:0	VM2:0	VM3:121	
: Update
New Status:
VM1:8	VM2:8	VM3:137	
VM1	 Blk:12836924	 Tot:424	32.31	32.08	35.61	
VM2	 Blk:14101780	 Tot:425	32.24	32.24	35.53	
VM2	 Blk:12508060	 Tot:426	32.16	32.39	35.45	
VM2	 Blk:12836928	 Tot:427	32.08	32.55	35.36	
VM1	 Blk:12038152	 Tot:428	32.24	32.48	35.28	
VM1	 Blk:10177608	 Tot:429	32.40	32.40	35.20	
VM1	 Blk:10177468	 Tot:430	32.56	32.33	35.12	
VM1	 Blk:12038156	 Tot:431	32.71	32.25	35.03	
VM2	 Blk:10177612	 Tot:432	32.64	32.41	34.95	
VM2	 Blk:12038160	 Tot:433	32.56	32.56	34.87	
VM2	 Blk:12038160	 Tot:434	32.49	32.72	34.79	
VM1	 Blk:12254936	 Tot:435	32.64	32.64	34.71	
VM2	 Blk:17876076	 Tot:436	32.57	32.80	34.63	
VM3	 Blk:17876112	 Tot:437	32.49	32.72	34.78	
VM1	 Blk:17876072	 Tot:438	32.65	32.65	34.70	
VM2	 Blk:17335892	 Tot:439	32.57	32.80	34.62	
VM3	 Blk:12700120	 Tot:440	32.50	32.73	34.77	
VM3	 Blk:10875060	 Tot:441	32.43	32.65	34.92	
VM1	 Blk:15764420	 Tot:442	32.58	32.58	34.84	
VM3	 Blk:14899148	 Tot:443	32.51	32.51	34.99	
VM3	 Blk:8489896	 Tot:444	32.43	32.43	35.14	
VM3	 Blk:8489744	 Tot:445	32.36	32.36	35.28	
VM3	 Blk:797408	 Tot:446	32.29	32.29	35.43	
VM3	 Blk:12472260	 Tot:447	32.21	32.21	35.57	

No Active Request
Current Status:
VM1:0	VM2:0	VM3:129	
: Update
New Status:
VM1:8	VM2:8	VM3:145	
VM1	 Blk:12472144	 Tot:448	32.37	32.14	35.49	
VM2	 Blk:12472036	 Tot:449	32.29	32.29	35.41	
VM1	 Blk:13213852	 Tot:450	32.44	32.22	35.33	
VM2	 Blk:13213988	 Tot:451	32.37	32.37	35.25	
VM2	 Blk:17746852	 Tot:452	32.30	32.52	35.18	
VM2	 Blk:15956360	 Tot:453	32.23	32.67	35.10	
VM2	 Blk:15762768	 Tot:454	32.16	32.82	35.02	
VM1	 Blk:10875068	 Tot:455	32.31	32.75	34.95	
VM2	 Blk:9262964	 Tot:456	32.24	32.89	34.87	
VM2	 Blk:7315672	 Tot:457	32.17	33.04	34.79	
VM1	 Blk:6728512	 Tot:458	32.31	32.97	34.72	
VM2	 Blk:5423140	 Tot:459	32.24	33.12	34.64	
VM3	 Blk:5362392	 Tot:460	32.17	33.04	34.78	
VM3	 Blk:4236528	 Tot:461	32.10	32.97	34.92	
VM3	 Blk:4236396	 Tot:462	32.03	32.90	35.06	
VM1	 Blk:4236508	 Tot:463	32.18	32.83	34.99	
VM1	 Blk:4236676	 Tot:464	32.33	32.76	34.91	
VM1	 Blk:6693736	 Tot:465	32.47	32.69	34.84	
VM1	 Blk:6921964	 Tot:466	32.62	32.62	34.76	
VM3	 Blk:12730792	 Tot:467	32.55	32.55	34.90	
VM3	 Blk:9249688	 Tot:468	32.48	32.48	35.04	
VM3	 Blk:10840908	 Tot:469	32.41	32.41	35.18	
VM3	 Blk:4447292	 Tot:470	32.34	32.34	35.32	
VM3	 Blk:14401700	 Tot:471	32.27	32.27	35.46	

No Active Request
Current Status:
VM1:0	VM2:0	VM3:137	
: Update
New Status:
VM1:8	VM2:8	VM3:153	
VM2	 Blk:14401520	 Tot:472	32.20	32.42	35.38	
VM1	 Blk:9249732	 Tot:473	32.35	32.35	35.31	
VM2	 Blk:9283496	 Tot:474	32.28	32.49	35.23	
VM1	 Blk:12730800	 Tot:475	32.42	32.42	35.16	
VM1	 Blk:7315616	 Tot:476	32.56	32.35	35.08	
VM1	 Blk:8489776	 Tot:477	32.70	32.29	35.01	
VM2	 Blk:8489816	 Tot:478	32.64	32.43	34.94	
VM2	 Blk:9249680	 Tot:479	32.57	32.57	34.86	
VM2	 Blk:3269108	 Tot:480	32.50	32.71	34.79	
VM3	 Blk:4084232	 Tot:481	32.43	32.64	34.93	
VM1	 Blk:4083956	 Tot:482	32.57	32.57	34.85	
VM2	 Blk:4084092	 Tot:483	32.51	32.71	34.78	
VM1	 Blk:1579760	 Tot:484	32.64	32.64	34.71	
VM1	 Blk:1501388	 Tot:485	32.78	32.58	34.64	
VM2	 Blk:3311144	 Tot:486	32.72	32.72	34.57	
VM3	 Blk:3311332	 Tot:487	32.65	32.65	34.70	
VM1	 Blk:9192628	 Tot:488	32.79	32.58	34.63	
VM3	 Blk:8570956	 Tot:489	32.72	32.52	34.76	
VM2	 Blk:6312740	 Tot:490	32.65	32.65	34.69	
VM3	 Blk:11491984	 Tot:491	32.59	32.59	34.83	
VM3	 Blk:12691488	 Tot:492	32.52	32.52	34.96	
VM3	 Blk:12333472	 Tot:493	32.45	32.45	35.09	
VM3	 Blk:10676540	 Tot:494	32.39	32.39	35.22	
VM3	 Blk:15167128	 Tot:495	32.32	32.32	35.35	

No Active Request
Current Status:
VM1:0	VM2:0	VM3:145	
: Update
New Status:
VM1:8	VM2:8	VM3:161	
VM2	 Blk:16123524	 Tot:496	32.26	32.46	35.28	
VM2	 Blk:17167652	 Tot:497	32.19	32.60	35.21	
VM1	 Blk:17167460	 Tot:498	32.33	32.53	35.14	
VM1	 Blk:10676528	 Tot:499	32.46	32.46	35.07	
VM1	 Blk:10676544	 Tot:500	32.60	32.40	35.00	
VM2	 Blk:11491944	 Tot:501	32.53	32.53	34.93	
VM1	 Blk:11492004	 Tot:502	32.67	32.47	34.86	
VM1	 Blk:12333480	 Tot:503	32.80	32.41	34.79	
VM2	 Blk:12375072	 Tot:504	32.74	32.54	34.72	
VM2	 Blk:10676520	 Tot:505	32.67	32.67	34.65	
VM1	 Blk:14007404	 Tot:506	32.81	32.61	34.58	
VM1	 Blk:14007528	 Tot:507	32.94	32.54	34.52	
VM3	 Blk:14007376	 Tot:508	32.87	32.48	34.65	
VM2	 Blk:15282872	 Tot:509	32.81	32.61	34.58	
VM1	 Blk:16398980	 Tot:510	32.94	32.55	34.51	
VM2	 Blk:13750780	 Tot:511	32.88	32.68	34.44	
VM3	 Blk:13750672	 Tot:512	32.81	32.62	34.57	
VM2	 Blk:14007384	 Tot:513	32.75	32.75	34.50	
VM3	 Blk:6500208	 Tot:514	32.68	32.68	34.63	
VM3	 Blk:469720	 Tot:515	32.62	32.62	34.76	
VM3	 Blk:9116168	 Tot:516	32.56	32.56	34.88	
VM3	 Blk:6955484	 Tot:517	32.50	32.50	35.01	
VM3	 Blk:9115156	 Tot:518	32.43	32.43	35.14	
VM3	 Blk:10315168	 Tot:519	32.37	32.37	35.26	

No Active Request
Current Status:
VM1:0	VM2:0	VM3:153	
: Update
New Status:
VM1:8	VM2:8	VM3:169	
VM1	 Blk:7492036	 Tot:520	32.50	32.31	35.19	
VM2	 Blk:7492064	 Tot:521	32.44	32.44	35.12	
VM2	 Blk:8494680	 Tot:522	32.38	32.57	35.06	
VM1	 Blk:8571048	 Tot:523	32.50	32.50	34.99	
VM1	 Blk:13750772	 Tot:524	32.63	32.44	34.92	
VM1	 Blk:15165144	 Tot:525	32.76	32.38	34.86	
VM2	 Blk:10098256	 Tot:526	32.70	32.51	34.79	
VM2	 Blk:4368160	 Tot:527	32.64	32.64	34.72	
VM2	 Blk:4434360	 Tot:528	32.58	32.77	34.66	
VM1	 Blk:5173832	 Tot:529	32.70	32.70	34.59	
VM1	 Blk:6312728	 Tot:530	32.83	32.64	34.53	
VM1	 Blk:6465728	 Tot:531	32.96	32.58	34.46	
VM2	 Blk:4236564	 Tot:532	32.89	32.71	34.40	
VM2	 Blk:5173836	 Tot:533	32.83	32.83	34.33	
VM3	 Blk:5173840	 Tot:534	32.77	32.77	34.46	
VM1	 Blk:3793788	 Tot:535	32.90	32.71	34.39	
VM2	 Blk:502084	 Tot:536	32.84	32.84	34.33	
VM3	 Blk:9061020	 Tot:537	32.77	32.77	34.45	
VM3	 Blk:9060864	 Tot:538	32.71	32.71	34.57	
VM3	 Blk:5173756	 Tot:539	32.65	32.65	34.69	
VM3	 Blk:3507292	 Tot:540	32.59	32.59	34.81	
VM3	 Blk:16822624	 Tot:541	32.53	32.53	34.94	
VM3	 Blk:17775704	 Tot:542	32.47	32.47	35.06	
VM3	 Blk:2691964	 Tot:543	32.41	32.41	35.17	

No Active Request
Current Status:
VM1:0	VM2:0	VM3:161	
: Update
New Status:
VM1:8	VM2:8	VM3:177	
VM2	 Blk:6500332	 Tot:544	32.35	32.54	35.11	
VM1	 Blk:294468	 Tot:545	32.48	32.48	35.05	
VM1	 Blk:294524	 Tot:546	32.60	32.42	34.98	
VM1	 Blk:502080	 Tot:547	32.72	32.36	34.92	
VM2	 Blk:469752	 Tot:548	32.66	32.48	34.85	
VM1	 Blk:797248	 Tot:549	32.79	32.42	34.79	
VM1	 Blk:922252	 Tot:550	32.91	32.36	34.73	
VM2	 Blk:651412	 Tot:551	32.85	32.49	34.66	
VM2	 Blk:797252	 Tot:552	32.79	32.61	34.60	
VM1	 Blk:651308	 Tot:553	32.91	32.55	34.54	
VM1	 Blk:181048	 Tot:554	33.03	32.49	34.48	
VM3	 Blk:608092	 Tot:555	32.97	32.43	34.59	
VM1	 Blk:1930528	 Tot:556	33.09	32.37	34.53	
VM3	 Blk:1930596	 Tot:557	33.03	32.32	34.65	
VM2	 Blk:1930692	 Tot:558	32.97	32.44	34.59	
VM2	 Blk:1902392	 Tot:559	32.92	32.56	34.53	
VM3	 Blk:1902512	 Tot:560	32.86	32.50	34.64	
VM3	 Blk:1902520	 Tot:561	32.80	32.44	34.76	
VM3	 Blk:9787396	 Tot:562	32.74	32.38	34.88	
VM2	 Blk:10625672	 Tot:563	32.68	32.50	34.81	
VM2	 Blk:10676532	 Tot:564	32.62	32.62	34.75	
VM3	 Blk:12439868	 Tot:565	32.57	32.57	34.87	
VM3	 Blk:1814224	 Tot:566	32.51	32.51	34.98	
VM3	 Blk:7241100	 Tot:567	32.45	32.45	35.10	

No Active Request
Current Status:
VM1:0	VM2:0	VM3:169	
: Update
New Status:
VM1:8	VM2:8	VM3:185	
VM1	 Blk:9787496	 Tot:568	32.57	32.39	35.04	
VM1	 Blk:7602068	 Tot:569	32.69	32.34	34.97	
VM1	 Blk:7241104	 Tot:570	32.81	32.28	34.91	
VM1	 Blk:7183148	 Tot:571	32.92	32.22	34.85	
VM2	 Blk:6901648	 Tot:572	32.87	32.34	34.79	
VM1	 Blk:6901684	 Tot:573	32.98	32.29	34.73	
VM2	 Blk:7241096	 Tot:574	32.93	32.40	34.67	
VM1	 Blk:1902460	 Tot:575	33.04	32.35	34.61	
VM2	 Blk:1814220	 Tot:576	32.99	32.47	34.55	
VM1	 Blk:1902468	 Tot:577	33.10	32.41	34.49	
VM2	 Blk:3031696	 Tot:578	33.04	32.53	34.43	
VM1	 Blk:2691964	 Tot:579	33.16	32.47	34.37	
VM2	 Blk:9115004	 Tot:580	33.10	32.59	34.31	
VM2	 Blk:9061012	 Tot:581	33.05	32.70	34.25	
VM2	 Blk:13279720	 Tot:582	32.99	32.82	34.19	
VM2	 Blk:15625368	 Tot:583	32.93	32.93	34.13	
VM3	 Blk:15625404	 Tot:584	32.88	32.88	34.25	
VM3	 Blk:10699620	 Tot:585	32.82	32.82	34.36	
VM3	 Blk:10699648	 Tot:586	32.76	32.76	34.47	
VM3	 Blk:8056416	 Tot:587	32.71	32.71	34.58	
VM3	 Blk:8056560	 Tot:588	32.65	32.65	34.69	
VM3	 Blk:256968	 Tot:589	32.60	32.60	34.80	
VM3	 Blk:9894556	 Tot:590	32.54	32.54	34.92	
VM3	 Blk:16687216	 Tot:591	32.49	32.49	35.03	

No Active Request
Current Status:
VM1:0	VM2:0	VM3:177	
: Update
New Status:
VM1:8	VM2:8	VM3:193	
VM2	 Blk:16822612	 Tot:592	32.43	32.60	34.97	
VM1	 Blk:16822476	 Tot:593	32.55	32.55	34.91	
VM1	 Blk:16207124	 Tot:594	32.66	32.49	34.85	
VM1	 Blk:17775740	 Tot:595	32.77	32.44	34.79	
VM3	 Blk:14973368	 Tot:596	32.72	32.38	34.90	
VM1	 Blk:15893672	 Tot:597	32.83	32.33	34.84	
VM2	 Blk:15992848	 Tot:598	32.78	32.44	34.78	
VM2	 Blk:13196052	 Tot:599	32.72	32.55	34.72	
VM3	 Blk:14358176	 Tot:600	32.67	32.50	34.83	
VM1	 Blk:9216280	 Tot:601	32.78	32.45	34.78	
VM1	 Blk:10699680	 Tot:602	32.89	32.39	34.72	
VM2	 Blk:10699616	 Tot:603	32.84	32.50	34.66	
VM2	 Blk:10699648	 Tot:604	32.78	32.62	34.60	
VM3	 Blk:10178180	 Tot:605	32.73	32.56	34.71	
VM1	 Blk:10178112	 Tot:606	32.84	32.51	34.65	
VM2	 Blk:10315172	 Tot:607	32.78	32.62	34.60	
VM2	 Blk:10272260	 Tot:608	32.73	32.73	34.54	
VM1	 Blk:10699624	 Tot:609	32.84	32.68	34.48	
VM2	 Blk:8056260	 Tot:610	32.79	32.79	34.43	
VM3	 Blk:12695312	 Tot:611	32.73	32.73	34.53	
VM3	 Blk:7978384	 Tot:612	32.68	32.68	34.64	
VM3	 Blk:222600	 Tot:613	32.63	32.63	34.75	
VM3	 Blk:14580688	 Tot:614	32.57	32.57	34.85	
VM3	 Blk:7678212	 Tot:615	32.52	32.52	34.96	

No Active Request
Current Status:
VM1:0	VM2:0	VM3:185	
: Update
New Status:
VM1:8	VM2:8	VM3:201	
VM1	 Blk:9539048	 Tot:616	32.63	32.47	34.90	
VM2	 Blk:14580612	 Tot:617	32.58	32.58	34.85	
VM2	 Blk:9539052	 Tot:618	32.52	32.69	34.79	
VM2	 Blk:15893604	 Tot:619	32.47	32.79	34.73	
VM2	 Blk:17721808	 Tot:620	32.42	32.90	34.68	
VM2	 Blk:16687212	 Tot:621	32.37	33.01	34.62	
VM1	 Blk:16687220	 Tot:622	32.48	32.96	34.57	
VM2	 Blk:16911164	 Tot:623	32.42	33.07	34.51	
VM1	 Blk:12223720	 Tot:624	32.53	33.01	34.46	
VM3	 Blk:13507796	 Tot:625	32.48	32.96	34.56	
VM1	 Blk:12930048	 Tot:626	32.59	32.91	34.50	
VM1	 Blk:7978440	 Tot:627	32.70	32.85	34.45	
VM1	 Blk:8056364	 Tot:628	32.80	32.80	34.39	
VM2	 Blk:7978368	 Tot:629	32.75	32.91	34.34	
VM1	 Blk:2082308	 Tot:630	32.86	32.86	34.29	
VM3	 Blk:2082332	 Tot:631	32.81	32.81	34.39	
VM2	 Blk:2082204	 Tot:632	32.75	32.91	34.34	
VM1	 Blk:2548376	 Tot:633	32.86	32.86	34.28	
VM3	 Blk:3412012	 Tot:634	32.81	32.81	34.38	
VM3	 Blk:3987384	 Tot:635	32.76	32.76	34.49	
VM3	 Blk:7338092	 Tot:636	32.70	32.70	34.59	
VM3	 Blk:7338200	 Tot:637	32.65	32.65	34.69	
VM3	 Blk:17199888	 Tot:638	32.60	32.60	34.80	
VM3	 Blk:17604536	 Tot:639	32.55	32.55	34.90	

No Active Request
Current Status:
VM1:0	VM2:0	VM3:193	
: Update
New Status:
VM1:8	VM2:8	VM3:209	
VM2	 Blk:17604460	 Tot:640	32.50	32.66	34.84	
VM1	 Blk:17604544	 Tot:641	32.61	32.61	34.79	
VM1	 Blk:17845420	 Tot:642	32.71	32.55	34.74	
VM2	 Blk:17845424	 Tot:643	32.66	32.66	34.68	
VM2	 Blk:13719608	 Tot:644	32.61	32.76	34.63	
VM2	 Blk:7937592	 Tot:645	32.56	32.87	34.57	
VM2	 Blk:7338312	 Tot:646	32.51	32.97	34.52	
VM1	 Blk:7338104	 Tot:647	32.61	32.92	34.47	
VM1	 Blk:7338176	 Tot:648	32.72	32.87	34.41	
VM2	 Blk:3412008	 Tot:649	32.67	32.97	34.36	
VM1	 Blk:3587904	 Tot:650	32.77	32.92	34.31	
VM1	 Blk:4460632	 Tot:651	32.87	32.87	34.25	
VM2	 Blk:2082320	 Tot:652	32.82	32.98	34.20	
VM1	 Blk:3325156	 Tot:653	32.92	32.92	34.15	
VM1	 Blk:5993844	 Tot:654	33.03	32.87	34.10	
VM2	 Blk:6988212	 Tot:655	32.98	32.98	34.05	

No Active Request
Current Status:
VM1:0	VM2:0	VM3:209	
: Update
New Status:
VM1:8	VM2:8	VM3:225	
VM1	 Blk:8351592	 Tot:656	33.08	32.93	33.99	
VM1	 Blk:9060868	 Tot:657	33.18	32.88	33.94	
VM2	 Blk:256964	 Tot:658	33.13	32.98	33.89	
VM2	 Blk:688364	 Tot:659	33.08	33.08	33.84	
VM1	 Blk:3987356	 Tot:660	33.18	33.03	33.79	
VM2	 Blk:3987380	 Tot:661	33.13	33.13	33.74	
VM1	 Blk:6255380	 Tot:662	33.23	33.08	33.69	
VM2	 Blk:85400	 Tot:663	33.18	33.18	33.63	
VM2	 Blk:2865536	 Tot:664	33.13	33.28	33.58	
VM1	 Blk:3480932	 Tot:665	33.23	33.23	33.53	
VM1	 Blk:11560320	 Tot:666	33.33	33.18	33.48	
VM1	 Blk:17199860	 Tot:667	33.43	33.13	33.43	
VM2	 Blk:17199880	 Tot:668	33.38	33.23	33.38	
VM2	 Blk:16053332	 Tot:669	33.33	33.33	33.33	
